SAT Frequency 
[1] 1262
    SAT        SATF
390   1 0.000792393
410   1 0.000792393
420   4 0.003169572
430   1 0.000792393
433   1 0.000792393
440   2 0.001584786
445   1 0.000792393
450   3 0.002377179
458   1 0.000792393
460  14 0.011093502
470  16 0.012678288
475   1 0.000792393
478   1 0.000792393
480  12 0.009508716
490  16 0.012678288
493   1 0.000792393
498   2 0.001584786
500  31 0.024564184
503   1 0.000792393
508   1 0.000792393
510  36 0.028526149
511   1 0.000792393
512   1 0.000792393
514   1 0.000792393
515   1 0.000792393
520  45 0.035657686
522   1 0.000792393
525   2 0.001584786
528   1 0.000792393
530  53 0.041996830
533   1 0.000792393
535   1 0.000792393
538   2 0.001584786
540  78 0.061806656
543   2 0.001584786
545   3 0.002377179
550  64 0.050713154
553   1 0.000792393
555   4 0.003169572
559   1 0.000792393
560  70 0.055467512
561   1 0.000792393
563   4 0.003169572
564   1 0.000792393
565   3 0.002377179
568   3 0.002377179
570  88 0.069730586
573   2 0.001584786
575   1 0.000792393
577   1 0.000792393
578   1 0.000792393
580  86 0.068145800
582   1 0.000792393
585   3 0.002377179
588   2 0.001584786
590  66 0.052297940
595   2 0.001584786
598   2 0.001584786
600  57 0.045166403
605   3 0.002377179
606   1 0.000792393
608   2 0.001584786
610  71 0.056259905
613   1 0.000792393
620  55 0.043581616
630  43 0.034072900
631   1 0.000792393
633   2 0.001584786
640  30 0.023771791
650  39 0.030903328
652   1 0.000792393
655   1 0.000792393
660  28 0.022187005
670  32 0.025356577
675   3 0.002377179
680  24 0.019017433
682   1 0.000792393
688   2 0.001584786
690  15 0.011885895
695   1 0.000792393
698   1 0.000792393
700  17 0.013470681
710  19 0.015055468
720   8 0.006339144
730   6 0.004754358
740   8 0.006339144
750  12 0.009508716
760   2 0.001584786
770   8 0.006339144
780  11 0.008716323
790   6 0.004754358
800   4 0.003169572
ACT Frequency 
[1] 1101
   ACT         ACTF
16   7 0.0063578565
17   9 0.0081743869
18  18 0.0163487738
19  18 0.0163487738
20  27 0.0245231608
21  35 0.0317892825
22  70 0.0635785649
23 129 0.1171662125
24 206 0.1871026340
25 171 0.1553133515
26 114 0.1035422343
27  92 0.0835603996
28  61 0.0554041780
29  35 0.0317892825
30  34 0.0308810173
31  18 0.0163487738
32  20 0.0181653043
33  12 0.0108991826
34  14 0.0127157130
35  10 0.0090826521
36   1 0.0009082652
ADM_RATE Frequency 
[1] 1898
       ADM         ADMF
0        1 0.0005268704
0.0723   1 0.0005268704
0.0731   1 0.0005268704
0.0734   1 0.0005268704
0.0742   1 0.0005268704
0.0753   1 0.0005268704
0.0838   1 0.0005268704
0.088    1 0.0005268704
0.0934   1 0.0005268704
0.0984   1 0.0005268704
0.1      1 0.0005268704
0.1008   2 0.0010537408
0.1255   1 0.0005268704
0.1257   1 0.0005268704
0.1407   1 0.0005268704
0.1426   1 0.0005268704
0.1429   1 0.0005268704
0.1474   1 0.0005268704
0.1531   1 0.0005268704
0.1565   1 0.0005268704
0.1612   1 0.0005268704
0.171    1 0.0005268704
0.1722   1 0.0005268704
0.1728   1 0.0005268704
0.1795   1 0.0005268704
0.1836   1 0.0005268704
0.1857   1 0.0005268704
0.1882   1 0.0005268704
0.1886   1 0.0005268704
0.19     1 0.0005268704
0.192    1 0.0005268704
0.1947   1 0.0005268704
0.1966   1 0.0005268704
0.1978   1 0.0005268704
0.2043   1 0.0005268704
0.2095   1 0.0005268704
0.2129   2 0.0010537408
0.2162   1 0.0005268704
0.2164   1 0.0005268704
0.2186   1 0.0005268704
0.2187   1 0.0005268704
0.2203   1 0.0005268704
0.2222   1 0.0005268704
0.2225   1 0.0005268704
0.2239   1 0.0005268704
0.2252   1 0.0005268704
0.2263   1 0.0005268704
0.2266   1 0.0005268704
0.2312   1 0.0005268704
0.2335   1 0.0005268704
0.2344   1 0.0005268704
0.2361   1 0.0005268704
0.2364   1 0.0005268704
0.2398   1 0.0005268704
0.2434   1 0.0005268704
0.2435   1 0.0005268704
0.2456   1 0.0005268704
0.2493   1 0.0005268704
0.25     1 0.0005268704
0.2505   1 0.0005268704
0.2539   1 0.0005268704
0.2566   1 0.0005268704
0.2585   1 0.0005268704
0.2597   1 0.0005268704
0.2598   1 0.0005268704
0.2605   1 0.0005268704
0.2619   1 0.0005268704
0.2639   1 0.0005268704
0.2711   1 0.0005268704
0.2715   1 0.0005268704
0.2727   1 0.0005268704
0.2757   1 0.0005268704
0.2766   1 0.0005268704
0.2783   1 0.0005268704
0.2785   1 0.0005268704
0.2791   1 0.0005268704
0.281    1 0.0005268704
0.2819   1 0.0005268704
0.2824   1 0.0005268704
0.2827   1 0.0005268704
0.283    1 0.0005268704
0.2836   1 0.0005268704
0.2844   1 0.0005268704
0.2847   1 0.0005268704
0.2857   1 0.0005268704
0.2864   1 0.0005268704
0.2877   1 0.0005268704
0.2894   1 0.0005268704
0.2906   1 0.0005268704
0.2915   1 0.0005268704
0.2927   1 0.0005268704
0.2939   1 0.0005268704
0.2944   1 0.0005268704
0.2948   1 0.0005268704
0.2955   1 0.0005268704
0.2966   1 0.0005268704
0.298    1 0.0005268704
0.2987   1 0.0005268704
0.2989   1 0.0005268704
0.2997   1 0.0005268704
0.2998   1 0.0005268704
0.3017   1 0.0005268704
0.3021   1 0.0005268704
0.3023   1 0.0005268704
0.3025   1 0.0005268704
0.3028   1 0.0005268704
0.3056   1 0.0005268704
0.3063   1 0.0005268704
0.3065   1 0.0005268704
0.3077   1 0.0005268704
0.3081   1 0.0005268704
0.3082   1 0.0005268704
0.3094   1 0.0005268704
0.3108   1 0.0005268704
0.311    1 0.0005268704
0.3112   1 0.0005268704
0.3137   1 0.0005268704
0.3138   1 0.0005268704
0.3139   1 0.0005268704
0.3161   1 0.0005268704
0.3163   1 0.0005268704
0.3173   1 0.0005268704
0.3177   1 0.0005268704
0.3179   1 0.0005268704
0.3181   1 0.0005268704
0.3183   1 0.0005268704
0.3184   1 0.0005268704
0.3192   1 0.0005268704
0.3196   1 0.0005268704
0.3204   1 0.0005268704
0.3211   1 0.0005268704
0.3218   1 0.0005268704
0.3226   1 0.0005268704
0.3231   1 0.0005268704
0.3234   1 0.0005268704
0.3239   1 0.0005268704
0.3241   1 0.0005268704
0.3249   1 0.0005268704
0.3255   1 0.0005268704
0.3258   1 0.0005268704
0.326    1 0.0005268704
0.3261   1 0.0005268704
0.3262   1 0.0005268704
0.3267   1 0.0005268704
0.3268   1 0.0005268704
0.3274   1 0.0005268704
0.3278   1 0.0005268704
0.3297   1 0.0005268704
0.3299   2 0.0010537408
0.3302   1 0.0005268704
0.3318   1 0.0005268704
0.3322   1 0.0005268704
0.333    1 0.0005268704
0.3332   1 0.0005268704
0.3333   2 0.0010537408
0.3335   1 0.0005268704
0.3346   1 0.0005268704
0.3356   1 0.0005268704
0.3375   1 0.0005268704
0.3378   1 0.0005268704
0.3379   1 0.0005268704
0.3397   1 0.0005268704
0.3402   1 0.0005268704
0.3403   2 0.0010537408
0.3404   1 0.0005268704
0.3408   1 0.0005268704
0.341    1 0.0005268704
0.3411   1 0.0005268704
0.3417   1 0.0005268704
0.3418   1 0.0005268704
0.342    1 0.0005268704
0.3429   1 0.0005268704
0.3432   1 0.0005268704
0.3444   1 0.0005268704
0.3452   1 0.0005268704
0.3462   1 0.0005268704
0.3474   1 0.0005268704
0.3476   1 0.0005268704
0.3478   2 0.0010537408
0.349    1 0.0005268704
0.3491   1 0.0005268704
0.3499   1 0.0005268704
0.3514   1 0.0005268704
0.352    1 0.0005268704
0.3521   1 0.0005268704
0.3529   1 0.0005268704
0.3534   1 0.0005268704
0.3541   1 0.0005268704
0.3547   2 0.0010537408
0.3551   1 0.0005268704
0.3562   1 0.0005268704
0.3565   1 0.0005268704
0.357    1 0.0005268704
0.358    1 0.0005268704
0.3582   1 0.0005268704
0.3587   1 0.0005268704
0.3593   1 0.0005268704
0.3594   1 0.0005268704
0.3621   1 0.0005268704
0.3622   1 0.0005268704
0.3624   1 0.0005268704
0.3628   1 0.0005268704
0.3634   1 0.0005268704
0.3636   2 0.0010537408
0.3637   1 0.0005268704
0.3642   1 0.0005268704
0.3649   1 0.0005268704
0.365    1 0.0005268704
0.3659   1 0.0005268704
0.366    1 0.0005268704
0.3673   1 0.0005268704
0.3675   1 0.0005268704
0.3679   1 0.0005268704
0.3681   1 0.0005268704
0.369    1 0.0005268704
0.3692   1 0.0005268704
0.3699   1 0.0005268704
0.3702   1 0.0005268704
0.3703   1 0.0005268704
0.371    1 0.0005268704
0.3715   1 0.0005268704
0.3727   2 0.0010537408
0.3739   1 0.0005268704
0.3741   1 0.0005268704
0.3753   1 0.0005268704
0.3754   1 0.0005268704
0.3763   1 0.0005268704
0.3764   1 0.0005268704
0.3777   1 0.0005268704
0.3778   1 0.0005268704
0.3789   2 0.0010537408
0.3792   2 0.0010537408
0.3793   1 0.0005268704
0.3797   1 0.0005268704
0.3799   1 0.0005268704
0.3808   1 0.0005268704
0.381    1 0.0005268704
0.3827   1 0.0005268704
0.3846   1 0.0005268704
0.3851   1 0.0005268704
0.3854   1 0.0005268704
0.3881   1 0.0005268704
0.3884   1 0.0005268704
0.3888   1 0.0005268704
0.3889   1 0.0005268704
0.3894   1 0.0005268704
0.3895   1 0.0005268704
0.3896   1 0.0005268704
0.3899   1 0.0005268704
0.39     1 0.0005268704
0.3904   1 0.0005268704
0.3905   1 0.0005268704
0.391    1 0.0005268704
0.3911   1 0.0005268704
0.3913   1 0.0005268704
0.3917   1 0.0005268704
0.3921   1 0.0005268704
0.3922   1 0.0005268704
0.3927   1 0.0005268704
0.3928   1 0.0005268704
0.3929   1 0.0005268704
0.3932   1 0.0005268704
0.3945   1 0.0005268704
0.3952   1 0.0005268704
0.3955   1 0.0005268704
0.3965   1 0.0005268704
0.3977   1 0.0005268704
0.3978   1 0.0005268704
0.398    1 0.0005268704
0.3988   1 0.0005268704
0.3989   1 0.0005268704
0.399    1 0.0005268704
0.3994   1 0.0005268704
0.3996   1 0.0005268704
0.4003   1 0.0005268704
0.4017   1 0.0005268704
0.402    1 0.0005268704
0.4026   1 0.0005268704
0.4028   1 0.0005268704
0.4029   1 0.0005268704
0.403    1 0.0005268704
0.4032   1 0.0005268704
0.404    1 0.0005268704
0.4044   1 0.0005268704
0.4045   1 0.0005268704
0.4046   1 0.0005268704
0.4047   1 0.0005268704
0.4052   1 0.0005268704
0.4068   1 0.0005268704
0.4085   1 0.0005268704
0.4096   2 0.0010537408
0.4097   1 0.0005268704
0.4099   1 0.0005268704
0.4101   1 0.0005268704
0.4103   1 0.0005268704
0.4109   1 0.0005268704
0.4111   2 0.0010537408
0.4114   1 0.0005268704
0.4122   1 0.0005268704
0.4141   1 0.0005268704
0.4143   1 0.0005268704
0.4145   2 0.0010537408
0.4149   1 0.0005268704
0.4157   1 0.0005268704
0.4163   1 0.0005268704
0.4172   1 0.0005268704
0.4174   1 0.0005268704
0.4178   1 0.0005268704
0.4179   1 0.0005268704
0.4182   2 0.0010537408
0.4184   1 0.0005268704
0.4185   1 0.0005268704
0.4192   1 0.0005268704
0.4193   1 0.0005268704
0.4196   1 0.0005268704
0.42     1 0.0005268704
0.4207   1 0.0005268704
0.4216   1 0.0005268704
0.4218   1 0.0005268704
0.4224   1 0.0005268704
0.4225   1 0.0005268704
0.4234   1 0.0005268704
0.4236   1 0.0005268704
0.425    1 0.0005268704
0.4255   1 0.0005268704
0.4263   1 0.0005268704
0.4264   3 0.0015806112
0.4277   1 0.0005268704
0.4279   1 0.0005268704
0.4284   1 0.0005268704
0.4286   1 0.0005268704
0.429    1 0.0005268704
0.4301   1 0.0005268704
0.4313   1 0.0005268704
0.4316   1 0.0005268704
0.4317   1 0.0005268704
0.4319   1 0.0005268704
0.432    1 0.0005268704
0.4321   1 0.0005268704
0.4322   1 0.0005268704
0.4324   1 0.0005268704
0.4325   1 0.0005268704
0.4328   1 0.0005268704
0.4336   1 0.0005268704
0.4342   1 0.0005268704
0.4343   1 0.0005268704
0.4347   1 0.0005268704
0.4348   3 0.0015806112
0.4354   1 0.0005268704
0.437    1 0.0005268704
0.4372   1 0.0005268704
0.4375   1 0.0005268704
0.4391   1 0.0005268704
0.4394   1 0.0005268704
0.4398   1 0.0005268704
0.4402   1 0.0005268704
0.4415   3 0.0015806112
0.4419   1 0.0005268704
0.4423   2 0.0010537408
0.4444   1 0.0005268704
0.4452   1 0.0005268704
0.4454   1 0.0005268704
0.4456   1 0.0005268704
0.4464   1 0.0005268704
0.4465   1 0.0005268704
0.4467   1 0.0005268704
0.4472   1 0.0005268704
0.4474   1 0.0005268704
0.4481   1 0.0005268704
0.4503   1 0.0005268704
0.4512   1 0.0005268704
0.4516   1 0.0005268704
0.4531   1 0.0005268704
0.4548   1 0.0005268704
0.4554   1 0.0005268704
0.4561   1 0.0005268704
0.4572   1 0.0005268704
0.4575   1 0.0005268704
0.4583   1 0.0005268704
0.4585   1 0.0005268704
0.4586   1 0.0005268704
0.4599   1 0.0005268704
0.4606   1 0.0005268704
0.4612   1 0.0005268704
0.4614   1 0.0005268704
0.4618   1 0.0005268704
0.4621   1 0.0005268704
0.4629   1 0.0005268704
0.4638   1 0.0005268704
0.4644   1 0.0005268704
0.4645   1 0.0005268704
0.4648   2 0.0010537408
0.4657   1 0.0005268704
0.467    1 0.0005268704
0.4675   1 0.0005268704
0.468    1 0.0005268704
0.4682   1 0.0005268704
0.4683   1 0.0005268704
0.4685   2 0.0010537408
0.4689   1 0.0005268704
0.469    1 0.0005268704
0.4693   1 0.0005268704
0.4698   1 0.0005268704
0.4701   1 0.0005268704
0.4706   3 0.0015806112
0.4718   1 0.0005268704
0.4719   1 0.0005268704
0.4726   1 0.0005268704
0.4729   1 0.0005268704
0.4737   1 0.0005268704
0.4739   1 0.0005268704
0.475    1 0.0005268704
0.4755   1 0.0005268704
0.4768   1 0.0005268704
0.477    1 0.0005268704
0.4778   2 0.0010537408
0.4779   1 0.0005268704
0.4781   1 0.0005268704
0.4783   1 0.0005268704
0.4787   1 0.0005268704
0.48     1 0.0005268704
0.4803   1 0.0005268704
0.4805   1 0.0005268704
0.4807   1 0.0005268704
0.481    2 0.0010537408
0.4811   1 0.0005268704
0.4812   1 0.0005268704
0.4815   1 0.0005268704
0.4827   1 0.0005268704
0.4837   1 0.0005268704
0.484    1 0.0005268704
0.4848   3 0.0015806112
0.4851   1 0.0005268704
0.4855   3 0.0015806112
0.4859   1 0.0005268704
0.4861   1 0.0005268704
0.4867   1 0.0005268704
0.4881   1 0.0005268704
0.4889   1 0.0005268704
0.4891   1 0.0005268704
0.4894   1 0.0005268704
0.4895   1 0.0005268704
0.4902   1 0.0005268704
0.4911   2 0.0010537408
0.4917   1 0.0005268704
0.4925   1 0.0005268704
0.4927   1 0.0005268704
0.4947   1 0.0005268704
0.495    1 0.0005268704
0.4959   1 0.0005268704
0.496    1 0.0005268704
0.4974   1 0.0005268704
0.4976   1 0.0005268704
0.4981   1 0.0005268704
0.4984   1 0.0005268704
0.4989   1 0.0005268704
0.5      2 0.0010537408
0.5014   1 0.0005268704
0.5017   1 0.0005268704
0.5034   1 0.0005268704
0.5038   1 0.0005268704
0.5039   1 0.0005268704
0.5043   2 0.0010537408
0.5048   2 0.0010537408
0.5049   1 0.0005268704
0.5051   1 0.0005268704
0.5053   1 0.0005268704
0.5056   1 0.0005268704
0.5057   1 0.0005268704
0.5063   1 0.0005268704
0.5066   1 0.0005268704
0.5072   1 0.0005268704
0.5074   1 0.0005268704
0.5078   1 0.0005268704
0.5084   1 0.0005268704
0.5091   1 0.0005268704
0.5092   1 0.0005268704
0.5104   1 0.0005268704
0.5111   1 0.0005268704
0.5112   1 0.0005268704
0.5117   1 0.0005268704
0.5125   1 0.0005268704
0.5129   2 0.0010537408
0.5139   1 0.0005268704
0.5144   1 0.0005268704
0.5145   1 0.0005268704
0.5147   2 0.0010537408
0.5156   2 0.0010537408
0.5161   1 0.0005268704
0.5162   1 0.0005268704
0.5166   2 0.0010537408
0.5179   1 0.0005268704
0.518    2 0.0010537408
0.5183   1 0.0005268704
0.5185   1 0.0005268704
0.5217   1 0.0005268704
0.5218   1 0.0005268704
0.5219   1 0.0005268704
0.5225   1 0.0005268704
0.5231   1 0.0005268704
0.5235   1 0.0005268704
0.5238   1 0.0005268704
0.5242   1 0.0005268704
0.5244   1 0.0005268704
0.5253   1 0.0005268704
0.5256   1 0.0005268704
0.526    1 0.0005268704
0.5261   2 0.0010537408
0.5262   1 0.0005268704
0.5264   1 0.0005268704
0.5268   1 0.0005268704
0.5271   1 0.0005268704
0.5274   1 0.0005268704
0.5283   1 0.0005268704
0.5285   1 0.0005268704
0.5287   1 0.0005268704
0.5292   1 0.0005268704
0.5296   1 0.0005268704
0.5307   2 0.0010537408
0.5309   1 0.0005268704
0.531    1 0.0005268704
0.5311   1 0.0005268704
0.5321   1 0.0005268704
0.5322   1 0.0005268704
0.5324   1 0.0005268704
0.5329   1 0.0005268704
0.5331   1 0.0005268704
0.5333   1 0.0005268704
0.5335   1 0.0005268704
0.5341   1 0.0005268704
0.5346   1 0.0005268704
0.5351   1 0.0005268704
0.5352   2 0.0010537408
0.5358   2 0.0010537408
0.5361   1 0.0005268704
0.5376   1 0.0005268704
0.5378   1 0.0005268704
0.5383   1 0.0005268704
0.5386   1 0.0005268704
0.5391   1 0.0005268704
0.5393   1 0.0005268704
0.5394   2 0.0010537408
0.5396   2 0.0010537408
0.5397   2 0.0010537408
0.54     1 0.0005268704
0.5403   1 0.0005268704
0.5404   1 0.0005268704
0.5407   1 0.0005268704
0.5424   1 0.0005268704
0.5425   1 0.0005268704
0.5426   1 0.0005268704
0.5433   1 0.0005268704
0.5439   1 0.0005268704
0.5446   1 0.0005268704
0.5457   2 0.0010537408
0.5465   1 0.0005268704
0.5481   1 0.0005268704
0.5486   1 0.0005268704
0.5494   2 0.0010537408
0.5499   1 0.0005268704
0.5506   1 0.0005268704
0.5508   2 0.0010537408
0.5509   1 0.0005268704
0.551    1 0.0005268704
0.5511   1 0.0005268704
0.5522   1 0.0005268704
0.5532   1 0.0005268704
0.5533   2 0.0010537408
0.5543   1 0.0005268704
0.5546   1 0.0005268704
0.5548   1 0.0005268704
0.5549   1 0.0005268704
0.555    1 0.0005268704
0.5552   1 0.0005268704
0.5556   1 0.0005268704
0.5562   1 0.0005268704
0.5564   1 0.0005268704
0.5566   1 0.0005268704
0.557    1 0.0005268704
0.5571   1 0.0005268704
0.5575   1 0.0005268704
0.5576   1 0.0005268704
0.5577   1 0.0005268704
0.5579   1 0.0005268704
0.5581   1 0.0005268704
0.5583   1 0.0005268704
0.5587   1 0.0005268704
0.5594   1 0.0005268704
0.56     1 0.0005268704
0.5602   1 0.0005268704
0.5616   1 0.0005268704
0.5619   1 0.0005268704
0.5625   1 0.0005268704
0.5627   1 0.0005268704
0.5629   1 0.0005268704
0.563    1 0.0005268704
0.5635   1 0.0005268704
0.5637   1 0.0005268704
0.5642   2 0.0010537408
0.566    1 0.0005268704
0.5664   2 0.0010537408
0.5666   2 0.0010537408
0.567    2 0.0010537408
0.5683   1 0.0005268704
0.5693   1 0.0005268704
0.5702   1 0.0005268704
0.5704   1 0.0005268704
0.5705   1 0.0005268704
0.5708   1 0.0005268704
0.5709   1 0.0005268704
0.5711   1 0.0005268704
0.5714   2 0.0010537408
0.5723   1 0.0005268704
0.5727   1 0.0005268704
0.5728   1 0.0005268704
0.573    1 0.0005268704
0.5745   1 0.0005268704
0.5758   1 0.0005268704
0.5766   1 0.0005268704
0.5771   1 0.0005268704
0.5773   1 0.0005268704
0.5791   1 0.0005268704
0.5792   1 0.0005268704
0.5808   1 0.0005268704
0.5812   1 0.0005268704
0.5818   1 0.0005268704
0.5819   2 0.0010537408
0.5826   1 0.0005268704
0.5828   1 0.0005268704
0.583    2 0.0010537408
0.5834   1 0.0005268704
0.5848   2 0.0010537408
0.585    1 0.0005268704
0.5853   1 0.0005268704
0.5855   1 0.0005268704
0.5865   1 0.0005268704
0.5868   1 0.0005268704
0.5872   1 0.0005268704
0.5874   2 0.0010537408
0.5879   1 0.0005268704
0.5888   1 0.0005268704
0.5889   1 0.0005268704
0.5892   1 0.0005268704
0.5893   1 0.0005268704
0.5897   1 0.0005268704
0.5898   1 0.0005268704
0.5901   1 0.0005268704
0.5905   1 0.0005268704
0.5907   1 0.0005268704
0.5908   2 0.0010537408
0.5914   1 0.0005268704
0.5916   1 0.0005268704
0.5921   1 0.0005268704
0.5923   1 0.0005268704
0.5929   1 0.0005268704
0.593    1 0.0005268704
0.5933   1 0.0005268704
0.5935   1 0.0005268704
0.5938   1 0.0005268704
0.594    1 0.0005268704
0.5941   1 0.0005268704
0.5942   1 0.0005268704
0.5952   1 0.0005268704
0.5954   1 0.0005268704
0.5957   1 0.0005268704
0.5958   1 0.0005268704
0.5959   1 0.0005268704
0.596    1 0.0005268704
0.5972   1 0.0005268704
0.5975   2 0.0010537408
0.5984   1 0.0005268704
0.5995   1 0.0005268704
0.5998   1 0.0005268704
0.5999   1 0.0005268704
0.6      2 0.0010537408
0.6001   1 0.0005268704
0.601    1 0.0005268704
0.6016   1 0.0005268704
0.6018   1 0.0005268704
0.602    1 0.0005268704
0.6021   1 0.0005268704
0.6025   1 0.0005268704
0.6027   1 0.0005268704
0.603    1 0.0005268704
0.6034   1 0.0005268704
0.6039   1 0.0005268704
0.604    1 0.0005268704
0.6043   1 0.0005268704
0.6049   1 0.0005268704
0.6053   2 0.0010537408
0.6059   1 0.0005268704
0.6062   1 0.0005268704
0.6064   1 0.0005268704
0.6082   2 0.0010537408
0.6085   1 0.0005268704
0.609    1 0.0005268704
0.6096   1 0.0005268704
0.6098   1 0.0005268704
0.6101   1 0.0005268704
0.6103   1 0.0005268704
0.6105   1 0.0005268704
0.6106   1 0.0005268704
0.611    1 0.0005268704
0.6111   1 0.0005268704
0.6114   1 0.0005268704
0.6115   1 0.0005268704
0.6117   1 0.0005268704
0.6121   1 0.0005268704
0.6124   1 0.0005268704
0.6132   1 0.0005268704
0.6133   2 0.0010537408
0.6138   1 0.0005268704
0.614    2 0.0010537408
0.6145   1 0.0005268704
0.6156   1 0.0005268704
0.6157   1 0.0005268704
0.616    1 0.0005268704
0.6163   1 0.0005268704
0.6176   1 0.0005268704
0.6184   1 0.0005268704
0.6186   1 0.0005268704
0.619    2 0.0010537408
0.6192   1 0.0005268704
0.6193   1 0.0005268704
0.6202   2 0.0010537408
0.6204   1 0.0005268704
0.6209   1 0.0005268704
0.6211   1 0.0005268704
0.6212   1 0.0005268704
0.6217   1 0.0005268704
0.6221   1 0.0005268704
0.6223   1 0.0005268704
0.6225   1 0.0005268704
0.6231   1 0.0005268704
0.6233   1 0.0005268704
0.6234   1 0.0005268704
0.6247   1 0.0005268704
0.6255   1 0.0005268704
0.6258   1 0.0005268704
0.6261   1 0.0005268704
0.6272   1 0.0005268704
0.6274   2 0.0010537408
0.6277   1 0.0005268704
0.6278   1 0.0005268704
0.6279   2 0.0010537408
0.6284   1 0.0005268704
0.6286   1 0.0005268704
0.6292   1 0.0005268704
0.6294   1 0.0005268704
0.6295   1 0.0005268704
0.6297   1 0.0005268704
0.6299   2 0.0010537408
0.6301   1 0.0005268704
0.6303   1 0.0005268704
0.6304   1 0.0005268704
0.6307   1 0.0005268704
0.6308   1 0.0005268704
0.6314   1 0.0005268704
0.6318   1 0.0005268704
0.6321   1 0.0005268704
0.6322   1 0.0005268704
0.6326   1 0.0005268704
0.6333   1 0.0005268704
0.6334   1 0.0005268704
0.6335   1 0.0005268704
0.6338   1 0.0005268704
0.6342   1 0.0005268704
0.6344   1 0.0005268704
0.6353   1 0.0005268704
0.6354   1 0.0005268704
0.6355   1 0.0005268704
0.6356   2 0.0010537408
0.6357   1 0.0005268704
0.636    2 0.0010537408
0.6364   1 0.0005268704
0.6365   1 0.0005268704
0.637    1 0.0005268704
0.6373   1 0.0005268704
0.6381   1 0.0005268704
0.6382   2 0.0010537408
0.6383   1 0.0005268704
0.6387   1 0.0005268704
0.6388   1 0.0005268704
0.6391   1 0.0005268704
0.6394   1 0.0005268704
0.6395   2 0.0010537408
0.6396   1 0.0005268704
0.6401   1 0.0005268704
0.6408   1 0.0005268704
0.6413   2 0.0010537408
0.6419   1 0.0005268704
0.642    1 0.0005268704
0.6427   2 0.0010537408
0.6431   1 0.0005268704
0.6432   1 0.0005268704
0.6433   2 0.0010537408
0.6434   1 0.0005268704
0.6445   1 0.0005268704
0.6448   1 0.0005268704
0.6449   1 0.0005268704
0.645    1 0.0005268704
0.6452   1 0.0005268704
0.6454   1 0.0005268704
0.6456   1 0.0005268704
0.6457   1 0.0005268704
0.646    1 0.0005268704
0.6462   1 0.0005268704
0.6464   1 0.0005268704
0.6465   1 0.0005268704
0.647    1 0.0005268704
0.6471   2 0.0010537408
0.6473   1 0.0005268704
0.6474   1 0.0005268704
0.6479   1 0.0005268704
0.6482   1 0.0005268704
0.6487   1 0.0005268704
0.6489   2 0.0010537408
0.6492   1 0.0005268704
0.6498   1 0.0005268704
0.6501   2 0.0010537408
0.6503   1 0.0005268704
0.6509   1 0.0005268704
0.6511   1 0.0005268704
0.6521   1 0.0005268704
0.6522   1 0.0005268704
0.6523   2 0.0010537408
0.6525   1 0.0005268704
0.6531   1 0.0005268704
0.6533   1 0.0005268704
0.6536   1 0.0005268704
0.6539   1 0.0005268704
0.6546   1 0.0005268704
0.6547   1 0.0005268704
0.6548   1 0.0005268704
0.655    1 0.0005268704
0.6556   1 0.0005268704
0.6564   1 0.0005268704
0.6566   1 0.0005268704
0.657    1 0.0005268704
0.6574   2 0.0010537408
0.6576   1 0.0005268704
0.6578   1 0.0005268704
0.658    1 0.0005268704
0.6583   1 0.0005268704
0.6587   1 0.0005268704
0.6588   1 0.0005268704
0.6589   1 0.0005268704
0.6591   1 0.0005268704
0.6597   1 0.0005268704
0.6598   1 0.0005268704
0.6604   1 0.0005268704
0.6609   2 0.0010537408
0.6614   1 0.0005268704
0.6616   1 0.0005268704
0.6617   1 0.0005268704
0.6624   2 0.0010537408
0.6625   1 0.0005268704
0.6626   1 0.0005268704
0.6628   1 0.0005268704
0.663    1 0.0005268704
0.6636   1 0.0005268704
0.6639   1 0.0005268704
0.6641   1 0.0005268704
0.6649   1 0.0005268704
0.665    1 0.0005268704
0.6651   1 0.0005268704
0.6653   1 0.0005268704
0.6654   2 0.0010537408
0.6655   2 0.0010537408
0.6657   1 0.0005268704
0.6659   1 0.0005268704
0.6663   1 0.0005268704
0.6664   1 0.0005268704
0.6666   1 0.0005268704
0.6667   3 0.0015806112
0.6669   1 0.0005268704
0.6671   1 0.0005268704
0.6672   1 0.0005268704
0.6675   1 0.0005268704
0.6679   1 0.0005268704
0.6686   2 0.0010537408
0.6688   1 0.0005268704
0.6691   1 0.0005268704
0.6692   1 0.0005268704
0.6699   1 0.0005268704
0.6701   1 0.0005268704
0.671    2 0.0010537408
0.6711   1 0.0005268704
0.6714   1 0.0005268704
0.6715   1 0.0005268704
0.6716   1 0.0005268704
0.6718   1 0.0005268704
0.6719   2 0.0010537408
0.672    2 0.0010537408
0.6722   2 0.0010537408
0.6726   1 0.0005268704
0.6731   1 0.0005268704
0.6734   1 0.0005268704
0.6735   1 0.0005268704
0.6736   1 0.0005268704
0.6743   1 0.0005268704
0.6744   1 0.0005268704
0.6746   2 0.0010537408
0.6748   1 0.0005268704
0.6751   2 0.0010537408
0.6754   1 0.0005268704
0.6755   1 0.0005268704
0.6756   1 0.0005268704
0.6763   1 0.0005268704
0.6765   1 0.0005268704
0.6766   1 0.0005268704
0.6767   1 0.0005268704
0.6769   1 0.0005268704
0.6771   1 0.0005268704
0.6772   2 0.0010537408
0.6774   1 0.0005268704
0.6775   1 0.0005268704
0.6785   1 0.0005268704
0.6786   1 0.0005268704
0.6787   1 0.0005268704
0.6788   1 0.0005268704
0.6792   1 0.0005268704
0.6793   1 0.0005268704
0.6794   1 0.0005268704
0.6802   1 0.0005268704
0.681    1 0.0005268704
0.6811   1 0.0005268704
0.6812   1 0.0005268704
0.6819   1 0.0005268704
0.6821   1 0.0005268704
0.6823   1 0.0005268704
0.6829   1 0.0005268704
0.6831   1 0.0005268704
0.6845   1 0.0005268704
0.685    1 0.0005268704
0.6857   1 0.0005268704
0.6864   2 0.0010537408
0.6865   2 0.0010537408
0.6872   1 0.0005268704
0.6874   1 0.0005268704
0.688    1 0.0005268704
0.6883   1 0.0005268704
0.6884   1 0.0005268704
0.6886   1 0.0005268704
0.6888   2 0.0010537408
0.6889   1 0.0005268704
0.689    1 0.0005268704
0.6896   2 0.0010537408
0.6897   1 0.0005268704
0.6907   1 0.0005268704
0.6909   2 0.0010537408
0.6914   1 0.0005268704
0.6915   2 0.0010537408
0.6918   2 0.0010537408
0.6921   1 0.0005268704
0.6923   2 0.0010537408
0.6927   1 0.0005268704
0.6928   1 0.0005268704
0.693    2 0.0010537408
0.6933   1 0.0005268704
0.6937   2 0.0010537408
0.6939   1 0.0005268704
0.6941   2 0.0010537408
0.6942   1 0.0005268704
0.6945   1 0.0005268704
0.695    2 0.0010537408
0.6951   1 0.0005268704
0.6953   1 0.0005268704
0.6959   3 0.0015806112
0.6962   2 0.0010537408
0.6966   1 0.0005268704
0.6967   1 0.0005268704
0.6974   1 0.0005268704
0.6977   1 0.0005268704
0.698    1 0.0005268704
0.699    1 0.0005268704
0.6994   2 0.0010537408
0.6998   1 0.0005268704
0.7      1 0.0005268704
0.7005   1 0.0005268704
0.7011   1 0.0005268704
0.7013   1 0.0005268704
0.7016   1 0.0005268704
0.7018   2 0.0010537408
0.7021   1 0.0005268704
0.7031   1 0.0005268704
0.7034   1 0.0005268704
0.7035   1 0.0005268704
0.7037   1 0.0005268704
0.7039   1 0.0005268704
0.7041   1 0.0005268704
0.7042   1 0.0005268704
0.7045   1 0.0005268704
0.7049   1 0.0005268704
0.7052   1 0.0005268704
0.7055   3 0.0015806112
0.7056   2 0.0010537408
0.7058   1 0.0005268704
0.7063   2 0.0010537408
0.7065   1 0.0005268704
0.7066   1 0.0005268704
0.7075   1 0.0005268704
0.7076   1 0.0005268704
0.7077   1 0.0005268704
0.7078   1 0.0005268704
0.7079   1 0.0005268704
0.708    1 0.0005268704
0.7085   1 0.0005268704
0.7086   2 0.0010537408
0.709    1 0.0005268704
0.7095   1 0.0005268704
0.7096   1 0.0005268704
0.7098   1 0.0005268704
0.7103   1 0.0005268704
0.7108   1 0.0005268704
0.7111   1 0.0005268704
0.7115   1 0.0005268704
0.712    2 0.0010537408
0.7125   1 0.0005268704
0.7128   1 0.0005268704
0.7132   1 0.0005268704
0.7135   1 0.0005268704
0.714    1 0.0005268704
0.7142   2 0.0010537408
0.7143   1 0.0005268704
0.7146   2 0.0010537408
0.7147   1 0.0005268704
0.7148   1 0.0005268704
0.715    1 0.0005268704
0.7152   1 0.0005268704
0.7154   2 0.0010537408
0.7158   1 0.0005268704
0.716    2 0.0010537408
0.7163   1 0.0005268704
0.7164   1 0.0005268704
0.7165   1 0.0005268704
0.7166   1 0.0005268704
0.7169   2 0.0010537408
0.7171   1 0.0005268704
0.7176   1 0.0005268704
0.7179   1 0.0005268704
0.7182   1 0.0005268704
0.7184   1 0.0005268704
0.7185   1 0.0005268704
0.7189   1 0.0005268704
0.7194   1 0.0005268704
0.7195   1 0.0005268704
0.7196   2 0.0010537408
0.7198   1 0.0005268704
0.7199   1 0.0005268704
0.7202   1 0.0005268704
0.7204   1 0.0005268704
0.7205   1 0.0005268704
0.7206   1 0.0005268704
0.7207   1 0.0005268704
0.7209   1 0.0005268704
0.7213   1 0.0005268704
0.7214   1 0.0005268704
0.7215   1 0.0005268704
0.7221   1 0.0005268704
0.7223   1 0.0005268704
0.7224   1 0.0005268704
0.7226   1 0.0005268704
0.723    1 0.0005268704
0.724    1 0.0005268704
0.7241   2 0.0010537408
0.7243   1 0.0005268704
0.7246   2 0.0010537408
0.7249   1 0.0005268704
0.7253   1 0.0005268704
0.7254   1 0.0005268704
0.7261   1 0.0005268704
0.7265   1 0.0005268704
0.7266   1 0.0005268704
0.7267   1 0.0005268704
0.7269   1 0.0005268704
0.7273   1 0.0005268704
0.7276   1 0.0005268704
0.728    1 0.0005268704
0.7285   1 0.0005268704
0.729    2 0.0010537408
0.7293   1 0.0005268704
0.7297   1 0.0005268704
0.7301   2 0.0010537408
0.7302   1 0.0005268704
0.7305   2 0.0010537408
0.7314   1 0.0005268704
0.7315   1 0.0005268704
0.7317   1 0.0005268704
0.7324   1 0.0005268704
0.733    1 0.0005268704
0.7331   1 0.0005268704
0.7336   1 0.0005268704
0.7338   1 0.0005268704
0.734    1 0.0005268704
0.7342   1 0.0005268704
0.7343   1 0.0005268704
0.7346   1 0.0005268704
0.7349   1 0.0005268704
0.735    1 0.0005268704
0.7352   1 0.0005268704
0.7355   1 0.0005268704
0.7356   1 0.0005268704
0.7357   2 0.0010537408
0.736    1 0.0005268704
0.7364   1 0.0005268704
0.7367   1 0.0005268704
0.7373   1 0.0005268704
0.7374   1 0.0005268704
0.7376   1 0.0005268704
0.7381   1 0.0005268704
0.7382   1 0.0005268704
0.7384   1 0.0005268704
0.7387   1 0.0005268704
0.7388   1 0.0005268704
0.7389   1 0.0005268704
0.739    1 0.0005268704
0.7391   1 0.0005268704
0.7393   1 0.0005268704
0.7395   1 0.0005268704
0.7396   1 0.0005268704
0.7401   1 0.0005268704
0.7405   1 0.0005268704
0.7407   1 0.0005268704
0.7408   1 0.0005268704
0.7412   1 0.0005268704
0.7416   1 0.0005268704
0.7418   1 0.0005268704
0.7421   1 0.0005268704
0.7438   2 0.0010537408
0.7439   1 0.0005268704
0.744    1 0.0005268704
0.7443   1 0.0005268704
0.7444   1 0.0005268704
0.7446   1 0.0005268704
0.7447   2 0.0010537408
0.7449   3 0.0015806112
0.745    1 0.0005268704
0.7453   2 0.0010537408
0.7454   1 0.0005268704
0.7458   1 0.0005268704
0.746    2 0.0010537408
0.7462   1 0.0005268704
0.7463   1 0.0005268704
0.7464   1 0.0005268704
0.7465   1 0.0005268704
0.7479   1 0.0005268704
0.7486   1 0.0005268704
0.7487   1 0.0005268704
0.7489   1 0.0005268704
0.7492   1 0.0005268704
0.7495   1 0.0005268704
0.7498   1 0.0005268704
0.75     4 0.0021074816
0.7505   1 0.0005268704
0.7506   1 0.0005268704
0.751    1 0.0005268704
0.7519   1 0.0005268704
0.7526   1 0.0005268704
0.753    1 0.0005268704
0.7536   2 0.0010537408
0.754    1 0.0005268704
0.7549   1 0.0005268704
0.755    2 0.0010537408
0.7552   1 0.0005268704
0.7553   1 0.0005268704
0.7554   1 0.0005268704
0.7564   1 0.0005268704
0.757    1 0.0005268704
0.7574   1 0.0005268704
0.7576   1 0.0005268704
0.7578   3 0.0015806112
0.7582   1 0.0005268704
0.7584   1 0.0005268704
0.7593   1 0.0005268704
0.7597   1 0.0005268704
0.7598   1 0.0005268704
0.76     1 0.0005268704
0.7606   1 0.0005268704
0.7607   1 0.0005268704
0.7612   1 0.0005268704
0.7623   1 0.0005268704
0.7625   2 0.0010537408
0.7629   1 0.0005268704
0.763    1 0.0005268704
0.7632   1 0.0005268704
0.7633   1 0.0005268704
0.7643   1 0.0005268704
0.7644   1 0.0005268704
0.7647   1 0.0005268704
0.7664   1 0.0005268704
0.7665   1 0.0005268704
0.7673   2 0.0010537408
0.7675   1 0.0005268704
0.7676   1 0.0005268704
0.7677   1 0.0005268704
0.7679   1 0.0005268704
0.7682   1 0.0005268704
0.7687   1 0.0005268704
0.769    1 0.0005268704
0.7692   1 0.0005268704
0.7698   1 0.0005268704
0.7699   1 0.0005268704
0.7703   1 0.0005268704
0.7711   1 0.0005268704
0.7712   1 0.0005268704
0.7713   1 0.0005268704
0.7715   1 0.0005268704
0.7716   2 0.0010537408
0.7718   2 0.0010537408
0.7721   2 0.0010537408
0.7725   1 0.0005268704
0.7727   1 0.0005268704
0.7728   2 0.0010537408
0.7729   1 0.0005268704
0.7732   1 0.0005268704
0.7734   1 0.0005268704
0.7741   1 0.0005268704
0.7746   1 0.0005268704
0.7748   2 0.0010537408
0.775    1 0.0005268704
0.7751   1 0.0005268704
0.7755   1 0.0005268704
0.7759   3 0.0015806112
0.776    2 0.0010537408
0.7761   1 0.0005268704
0.7765   1 0.0005268704
0.7766   1 0.0005268704
0.777    1 0.0005268704
0.7771   1 0.0005268704
0.7772   2 0.0010537408
0.7778   1 0.0005268704
0.7781   2 0.0010537408
0.7782   2 0.0010537408
0.7785   2 0.0010537408
0.7787   1 0.0005268704
0.779    1 0.0005268704
0.7791   1 0.0005268704
0.7795   1 0.0005268704
0.78     1 0.0005268704
0.7805   1 0.0005268704
0.7812   1 0.0005268704
0.7814   1 0.0005268704
0.7817   2 0.0010537408
0.7819   2 0.0010537408
0.7821   1 0.0005268704
0.7822   1 0.0005268704
0.7823   1 0.0005268704
0.7824   1 0.0005268704
0.7828   1 0.0005268704
0.783    1 0.0005268704
0.7831   1 0.0005268704
0.7832   1 0.0005268704
0.7835   2 0.0010537408
0.7838   2 0.0010537408
0.7846   1 0.0005268704
0.785    1 0.0005268704
0.7851   2 0.0010537408
0.7852   1 0.0005268704
0.7857   1 0.0005268704
0.7865   2 0.0010537408
0.7867   1 0.0005268704
0.787    1 0.0005268704
0.7876   2 0.0010537408
0.7879   2 0.0010537408
0.7884   1 0.0005268704
0.7886   1 0.0005268704
0.7892   1 0.0005268704
0.7899   1 0.0005268704
0.79     1 0.0005268704
0.7901   1 0.0005268704
0.7902   1 0.0005268704
0.7903   1 0.0005268704
0.7904   1 0.0005268704
0.7907   1 0.0005268704
0.7908   1 0.0005268704
0.7917   1 0.0005268704
0.7929   1 0.0005268704
0.7931   1 0.0005268704
0.7938   1 0.0005268704
0.7943   1 0.0005268704
0.7946   1 0.0005268704
0.7949   1 0.0005268704
0.7952   1 0.0005268704
0.7958   1 0.0005268704
0.796    1 0.0005268704
0.7962   2 0.0010537408
0.7963   1 0.0005268704
0.7966   1 0.0005268704
0.7968   1 0.0005268704
0.7969   1 0.0005268704
0.7971   1 0.0005268704
0.7974   1 0.0005268704
0.798    1 0.0005268704
0.7983   1 0.0005268704
0.7992   1 0.0005268704
0.7993   1 0.0005268704
0.7998   1 0.0005268704
0.8      4 0.0021074816
0.8005   1 0.0005268704
0.8006   1 0.0005268704
0.8009   1 0.0005268704
0.801    1 0.0005268704
0.8012   1 0.0005268704
0.8014   1 0.0005268704
0.8017   1 0.0005268704
0.8018   1 0.0005268704
0.803    1 0.0005268704
0.8031   2 0.0010537408
0.8032   1 0.0005268704
0.8037   1 0.0005268704
0.8038   3 0.0015806112
0.8044   2 0.0010537408
0.8052   1 0.0005268704
0.8055   1 0.0005268704
0.8056   1 0.0005268704
0.8059   1 0.0005268704
0.8067   1 0.0005268704
0.8068   1 0.0005268704
0.8071   1 0.0005268704
0.8075   1 0.0005268704
0.8077   1 0.0005268704
0.8095   1 0.0005268704
0.8096   3 0.0015806112
0.8097   1 0.0005268704
0.8102   1 0.0005268704
0.8103   3 0.0015806112
0.8112   1 0.0005268704
0.8116   1 0.0005268704
0.8118   1 0.0005268704
0.8119   1 0.0005268704
0.8125   2 0.0010537408
0.8126   1 0.0005268704
0.8133   1 0.0005268704
0.8136   1 0.0005268704
0.8137   1 0.0005268704
0.814    2 0.0010537408
0.8141   2 0.0010537408
0.815    1 0.0005268704
0.8154   2 0.0010537408
0.8159   2 0.0010537408
0.8178   1 0.0005268704
0.8182   1 0.0005268704
0.8183   1 0.0005268704
0.8189   1 0.0005268704
0.8193   1 0.0005268704
0.8196   1 0.0005268704
0.8204   1 0.0005268704
0.8208   1 0.0005268704
0.8209   1 0.0005268704
0.8214   1 0.0005268704
0.8215   1 0.0005268704
0.823    1 0.0005268704
0.8232   1 0.0005268704
0.8243   1 0.0005268704
0.8246   1 0.0005268704
0.8247   1 0.0005268704
0.8256   2 0.0010537408
0.8261   1 0.0005268704
0.8267   2 0.0010537408
0.8277   1 0.0005268704
0.8282   1 0.0005268704
0.8287   2 0.0010537408
0.8288   1 0.0005268704
0.8292   1 0.0005268704
0.8293   1 0.0005268704
0.8302   1 0.0005268704
0.8315   2 0.0010537408
0.8319   1 0.0005268704
0.8324   1 0.0005268704
0.8331   1 0.0005268704
0.8333   4 0.0021074816
0.8334   1 0.0005268704
0.8344   2 0.0010537408
0.8347   1 0.0005268704
0.8359   1 0.0005268704
0.8366   1 0.0005268704
0.8376   2 0.0010537408
0.8378   2 0.0010537408
0.8381   1 0.0005268704
0.8382   1 0.0005268704
0.8387   1 0.0005268704
0.8391   1 0.0005268704
0.8394   1 0.0005268704
0.8395   1 0.0005268704
0.8397   1 0.0005268704
0.8398   2 0.0010537408
0.8406   1 0.0005268704
0.8428   1 0.0005268704
0.8434   1 0.0005268704
0.8435   2 0.0010537408
0.8436   1 0.0005268704
0.8437   1 0.0005268704
0.844    1 0.0005268704
0.8449   1 0.0005268704
0.8454   1 0.0005268704
0.8455   1 0.0005268704
0.8462   1 0.0005268704
0.8463   1 0.0005268704
0.8467   1 0.0005268704
0.8468   1 0.0005268704
0.847    1 0.0005268704
0.8479   1 0.0005268704
0.8481   1 0.0005268704
0.8491   1 0.0005268704
0.8492   1 0.0005268704
0.8503   1 0.0005268704
0.8505   1 0.0005268704
0.8508   1 0.0005268704
0.8528   1 0.0005268704
0.8539   2 0.0010537408
0.8545   1 0.0005268704
0.8561   2 0.0010537408
0.8568   1 0.0005268704
0.8571   2 0.0010537408
0.858    1 0.0005268704
0.8587   1 0.0005268704
0.8591   1 0.0005268704
0.8596   2 0.0010537408
0.8606   2 0.0010537408
0.861    2 0.0010537408
0.8615   1 0.0005268704
0.8618   1 0.0005268704
0.8619   1 0.0005268704
0.8622   2 0.0010537408
0.8632   1 0.0005268704
0.8636   1 0.0005268704
0.8638   1 0.0005268704
0.8641   1 0.0005268704
0.8645   1 0.0005268704
0.8652   1 0.0005268704
0.8667   2 0.0010537408
0.8668   1 0.0005268704
0.8669   1 0.0005268704
0.8676   1 0.0005268704
0.8682   1 0.0005268704
0.8685   1 0.0005268704
0.869    1 0.0005268704
0.8693   1 0.0005268704
0.8695   1 0.0005268704
0.8696   1 0.0005268704
0.87     1 0.0005268704
0.8706   1 0.0005268704
0.8731   2 0.0010537408
0.8738   1 0.0005268704
0.8742   2 0.0010537408
0.8748   1 0.0005268704
0.8755   1 0.0005268704
0.8757   1 0.0005268704
0.8763   1 0.0005268704
0.8767   1 0.0005268704
0.8775   1 0.0005268704
0.8782   1 0.0005268704
0.8796   1 0.0005268704
0.8799   1 0.0005268704
0.8805   1 0.0005268704
0.8816   1 0.0005268704
0.8817   1 0.0005268704
0.883    1 0.0005268704
0.8836   1 0.0005268704
0.8839   1 0.0005268704
0.8853   1 0.0005268704
0.8855   1 0.0005268704
0.8862   1 0.0005268704
0.8866   1 0.0005268704
0.8874   1 0.0005268704
0.8889   2 0.0010537408
0.8892   1 0.0005268704
0.8894   1 0.0005268704
0.8903   1 0.0005268704
0.8916   1 0.0005268704
0.8925   1 0.0005268704
0.8928   1 0.0005268704
0.8931   1 0.0005268704
0.8953   1 0.0005268704
0.8955   1 0.0005268704
0.8958   1 0.0005268704
0.8962   1 0.0005268704
0.8966   1 0.0005268704
0.8971   1 0.0005268704
0.898    1 0.0005268704
0.8982   1 0.0005268704
0.8987   1 0.0005268704
0.8995   1 0.0005268704
0.9      3 0.0015806112
0.9007   1 0.0005268704
0.9013   1 0.0005268704
0.9038   1 0.0005268704
0.905    1 0.0005268704
0.9053   1 0.0005268704
0.9063   1 0.0005268704
0.907    1 0.0005268704
0.9073   1 0.0005268704
0.9086   1 0.0005268704
0.9089   1 0.0005268704
0.9091   1 0.0005268704
0.9095   1 0.0005268704
0.9097   2 0.0010537408
0.9105   1 0.0005268704
0.9107   1 0.0005268704
0.9111   1 0.0005268704
0.9122   1 0.0005268704
0.9123   1 0.0005268704
0.9126   1 0.0005268704
0.9133   2 0.0010537408
0.9141   1 0.0005268704
0.9143   1 0.0005268704
0.9164   1 0.0005268704
0.9167   1 0.0005268704
0.9182   1 0.0005268704
0.9188   1 0.0005268704
0.9192   1 0.0005268704
0.9199   1 0.0005268704
0.9201   1 0.0005268704
0.9212   1 0.0005268704
0.9213   1 0.0005268704
0.9228   2 0.0010537408
0.923    1 0.0005268704
0.9251   1 0.0005268704
0.9261   1 0.0005268704
0.9262   1 0.0005268704
0.9273   1 0.0005268704
0.9277   1 0.0005268704
0.9278   2 0.0010537408
0.9286   2 0.0010537408
0.9292   2 0.0010537408
0.93     1 0.0005268704
0.9304   2 0.0010537408
0.9318   1 0.0005268704
0.9325   1 0.0005268704
0.9331   1 0.0005268704
0.9333   1 0.0005268704
0.9334   1 0.0005268704
0.9355   1 0.0005268704
0.936    1 0.0005268704
0.9362   1 0.0005268704
0.9372   2 0.0010537408
0.9373   1 0.0005268704
0.9375   2 0.0010537408
0.9378   1 0.0005268704
0.9394   1 0.0005268704
0.9408   1 0.0005268704
0.9409   1 0.0005268704
0.9417   1 0.0005268704
0.9433   2 0.0010537408
0.9434   1 0.0005268704
0.9435   3 0.0015806112
0.9442   1 0.0005268704
0.9443   1 0.0005268704
0.9451   1 0.0005268704
0.9456   1 0.0005268704
0.946    1 0.0005268704
0.9466   1 0.0005268704
0.9478   1 0.0005268704
0.9483   1 0.0005268704
0.9484   1 0.0005268704
0.9485   1 0.0005268704
0.9498   1 0.0005268704
0.9503   1 0.0005268704
0.9509   1 0.0005268704
0.9518   1 0.0005268704
0.953    1 0.0005268704
0.9535   1 0.0005268704
0.9552   1 0.0005268704
0.9581   1 0.0005268704
0.959    1 0.0005268704
0.9602   1 0.0005268704
0.9615   1 0.0005268704
0.9632   1 0.0005268704
0.9634   1 0.0005268704
0.9641   1 0.0005268704
0.9646   1 0.0005268704
0.9654   1 0.0005268704
0.9667   1 0.0005268704
0.967    1 0.0005268704
0.9677   2 0.0010537408
0.9682   1 0.0005268704
0.9692   1 0.0005268704
0.9697   1 0.0005268704
0.9706   1 0.0005268704
0.9722   1 0.0005268704
0.9729   1 0.0005268704
0.9734   1 0.0005268704
0.9756   1 0.0005268704
0.9769   1 0.0005268704
0.9775   1 0.0005268704
0.9792   1 0.0005268704
0.9808   1 0.0005268704
0.982    1 0.0005268704
0.9831   1 0.0005268704
0.9834   1 0.0005268704
0.9838   1 0.0005268704
0.9843   1 0.0005268704
0.9854   1 0.0005268704
0.9859   1 0.0005268704
0.9867   1 0.0005268704
0.9885   1 0.0005268704
0.9889   1 0.0005268704
0.9901   1 0.0005268704
0.9909   1 0.0005268704
0.9945   1 0.0005268704
0.9949   1 0.0005268704
0.9951   3 0.0015806112
0.9967   1 0.0005268704
0.9973   1 0.0005268704
0.9979   1 0.0005268704
0.9986   1 0.0005268704
1       65 0.0342465753
COMP_ORIG_YR4_RT Frequency 
[1] 2587
             COMP        COMPF
0.0223529412    1 0.0003865481
0.0243111831    1 0.0003865481
0.0308370044    1 0.0003865481
0.0324543611    1 0.0003865481
0.0409276944    2 0.0007730963
0.0421511628    1 0.0003865481
0.0423553719    1 0.0003865481
0.0465753425    1 0.0003865481
0.0467889908    1 0.0003865481
0.046997389     1 0.0003865481
0.0472440945    1 0.0003865481
0.0474852487    1 0.0003865481
0.0492914356    1 0.0003865481
0.0496562261    1 0.0003865481
0.0531609195    1 0.0003865481
0.0543478261    1 0.0003865481
0.0569948187    1 0.0003865481
0.06            1 0.0003865481
0.0608572105   13 0.0050251256
0.0610837438    1 0.0003865481
0.0622009569    1 0.0003865481
0.0632911392    1 0.0003865481
0.064516129     1 0.0003865481
0.0648464164    1 0.0003865481
0.0656370656    1 0.0003865481
0.0656836461    1 0.0003865481
0.0660792952    1 0.0003865481
0.0673469388    2 0.0007730963
0.0692520776    1 0.0003865481
0.0698924731    1 0.0003865481
0.0740343348    1 0.0003865481
0.0747713825    1 0.0003865481
0.0753880266    1 0.0003865481
0.0762852405    1 0.0003865481
0.0763888889    1 0.0003865481
0.0768621236    1 0.0003865481
0.0790190736    1 0.0003865481
0.0795454545    1 0.0003865481
0.0799672489    1 0.0003865481
0.0803921569    1 0.0003865481
0.0807453416    1 0.0003865481
0.0811251529    1 0.0003865481
0.0815686275    1 0.0003865481
0.0826196474    1 0.0003865481
0.0827067669    1 0.0003865481
0.0852819807    1 0.0003865481
0.0858433735    1 0.0003865481
0.0859060403    1 0.0003865481
0.0859561537    1 0.0003865481
0.0872274143    1 0.0003865481
0.0888888889    1 0.0003865481
0.0903614458    1 0.0003865481
0.0905707196    1 0.0003865481
0.0906921241    1 0.0003865481
0.0908346972    1 0.0003865481
0.0915492958    1 0.0003865481
0.0920502092    1 0.0003865481
0.0930232558    1 0.0003865481
0.0930930931    2 0.0007730963
0.0931315483    1 0.0003865481
0.0931414056    1 0.0003865481
0.094488189     1 0.0003865481
0.0948866829   22 0.0085040588
0.0953375087    4 0.0015461925
0.0971025842    1 0.0003865481
0.0972222222    1 0.0003865481
0.0972652447    1 0.0003865481
0.097359736     1 0.0003865481
0.0982142857    1 0.0003865481
0.0984848485    1 0.0003865481
0.0985074627    1 0.0003865481
0.098630137     1 0.0003865481
0.0994180407    1 0.0003865481
0.0995780591    3 0.0011596444
0.1001540832    1 0.0003865481
0.101010101     1 0.0003865481
0.1014198783    1 0.0003865481
0.1014584654    1 0.0003865481
0.1015981735    1 0.0003865481
0.1062335382    1 0.0003865481
0.1066098081    1 0.0003865481
0.1074074074    1 0.0003865481
0.1075268817    1 0.0003865481
0.1078963231    1 0.0003865481
0.1084489281    2 0.0007730963
0.1085790885    1 0.0003865481
0.1088295688    1 0.0003865481
0.109236609     1 0.0003865481
0.1094257855    2 0.0007730963
0.1096938776    1 0.0003865481
0.1097560976    1 0.0003865481
0.1103388358    1 0.0003865481
0.1109601449    1 0.0003865481
0.1116838488    1 0.0003865481
0.1140350877    1 0.0003865481
0.1142857143    1 0.0003865481
0.1162107582    1 0.0003865481
0.1176948052    1 0.0003865481
0.1177730193    1 0.0003865481
0.1178509532    1 0.0003865481
0.1191652938    1 0.0003865481
0.1196363636    1 0.0003865481
0.1209800919    1 0.0003865481
0.1219081272    1 0.0003865481
0.1242236025    1 0.0003865481
0.1246612466    1 0.0003865481
0.125           2 0.0007730963
0.1265060241    1 0.0003865481
0.1265206813    1 0.0003865481
0.1268011527    1 0.0003865481
0.1284916201    1 0.0003865481
0.128957529     1 0.0003865481
0.1290322581    1 0.0003865481
0.1293345829    1 0.0003865481
0.1293396869    1 0.0003865481
0.1294117647    1 0.0003865481
0.1294416244    1 0.0003865481
0.1310043668    1 0.0003865481
0.1314935065    1 0.0003865481
0.1315789474    1 0.0003865481
0.1319587629    1 0.0003865481
0.1319648094    1 0.0003865481
0.132474701     1 0.0003865481
0.1326530612    1 0.0003865481
0.1336223886    1 0.0003865481
0.1337209302    1 0.0003865481
0.1337278107    1 0.0003865481
0.1347677546   11 0.0042520294
0.1365678347    1 0.0003865481
0.1373307544    1 0.0003865481
0.1374570447    1 0.0003865481
0.1376221498    1 0.0003865481
0.14            1 0.0003865481
0.1404494382    1 0.0003865481
0.141025641     1 0.0003865481
0.1410788382    1 0.0003865481
0.1415830546    1 0.0003865481
0.1417322835    2 0.0007730963
0.1421239637   15 0.0057982219
0.1437908497    1 0.0003865481
0.144193297     1 0.0003865481
0.1461988304    1 0.0003865481
0.14693172      1 0.0003865481
0.1470588235    1 0.0003865481
0.1476190476    1 0.0003865481
0.147751606     1 0.0003865481
0.1487179487    1 0.0003865481
0.1493624772    1 0.0003865481
0.1493855607    1 0.0003865481
0.15            2 0.0007730963
0.1500664011    1 0.0003865481
0.1506976744    1 0.0003865481
0.1507537688    1 0.0003865481
0.1511137869    1 0.0003865481
0.1513157895    1 0.0003865481
0.1519434629    1 0.0003865481
0.1528804815    5 0.0019327406
0.1549295775    1 0.0003865481
0.1550387597    1 0.0003865481
0.155416903     3 0.0011596444
0.1562799616    1 0.0003865481
0.1563786008    1 0.0003865481
0.1567839196    1 0.0003865481
0.1572052402    1 0.0003865481
0.1588013214    1 0.0003865481
0.1588525601    1 0.0003865481
0.158974359     1 0.0003865481
0.1592592593    1 0.0003865481
0.1594405594    1 0.0003865481
0.1611570248   11 0.0042520294
0.1622321639    1 0.0003865481
0.1622641509    1 0.0003865481
0.1639344262    1 0.0003865481
0.1641791045    1 0.0003865481
0.1642547033    1 0.0003865481
0.1642857143    1 0.0003865481
0.1646419437   84 0.0324700425
0.1659701493    1 0.0003865481
0.1664766249    1 0.0003865481
0.1666666667    2 0.0007730963
0.1670235546    1 0.0003865481
0.1675126904    1 0.0003865481
0.1682692308    8 0.0030923850
0.1683288738    1 0.0003865481
0.1691542289    1 0.0003865481
0.16930639      1 0.0003865481
0.1695402299    1 0.0003865481
0.1702838063    1 0.0003865481
0.1706666667    1 0.0003865481
0.1712538226    1 0.0003865481
0.1733919297    1 0.0003865481
0.1738461538    1 0.0003865481
0.1740331492    1 0.0003865481
0.1744966443    1 0.0003865481
0.1755458515    1 0.0003865481
0.175663312     1 0.0003865481
0.1769911504    1 0.0003865481
0.1789772727    1 0.0003865481
0.1791044776    1 0.0003865481
0.1792168675    1 0.0003865481
0.1796246649    1 0.0003865481
0.1808619805    1 0.0003865481
0.1811594203    1 0.0003865481
0.1812308739    1 0.0003865481
0.1813125695    1 0.0003865481
0.1834532374    1 0.0003865481
0.1841432225    1 0.0003865481
0.1843878149    8 0.0030923850
0.1843971631    1 0.0003865481
0.1846814603    1 0.0003865481
0.1848906561    3 0.0011596444
0.1849726776    1 0.0003865481
0.1851851852    1 0.0003865481
0.1853546911    1 0.0003865481
0.1856435644    1 0.0003865481
0.1869918699    1 0.0003865481
0.1871476888    1 0.0003865481
0.1878612717    1 0.0003865481
0.1882352941    1 0.0003865481
0.1889576392    1 0.0003865481
0.1890547264    1 0.0003865481
0.1893644617    1 0.0003865481
0.1898628999    1 0.0003865481
0.1904761905    1 0.0003865481
0.1918767507    1 0.0003865481
0.1919361613    1 0.0003865481
0.1920236337    1 0.0003865481
0.1925601751    1 0.0003865481
0.1929824561    1 0.0003865481
0.1948650428    1 0.0003865481
0.195951417     1 0.0003865481
0.1961736571    2 0.0007730963
0.1969898553    9 0.0034789331
0.1982705374    8 0.0030923850
0.1987951807    1 0.0003865481
0.1988672121    2 0.0007730963
0.1992009132    1 0.0003865481
0.199318569     1 0.0003865481
0.1993243243    1 0.0003865481
0.2004494382    1 0.0003865481
0.2018779343    1 0.0003865481
0.2019748654    1 0.0003865481
0.2021447721    4 0.0015461925
0.2023575639    1 0.0003865481
0.2031776601    1 0.0003865481
0.2033898305    2 0.0007730963
0.2038505096    1 0.0003865481
0.2050400916    1 0.0003865481
0.2060301508    1 0.0003865481
0.206185567     1 0.0003865481
0.2062780269    1 0.0003865481
0.2073333333    1 0.0003865481
0.2074966533    1 0.0003865481
0.2086049544    1 0.0003865481
0.209486166     1 0.0003865481
0.2096365173    1 0.0003865481
0.2100840336    1 0.0003865481
0.2111111111    1 0.0003865481
0.211631664     1 0.0003865481
0.2126865672    1 0.0003865481
0.2128504093    3 0.0011596444
0.2129963899    1 0.0003865481
0.2130177515    1 0.0003865481
0.2134433962    1 0.0003865481
0.2139588101    1 0.0003865481
0.2142857143    1 0.0003865481
0.2146257032    1 0.0003865481
0.2147395172    1 0.0003865481
0.2152777778    1 0.0003865481
0.2162270989    1 0.0003865481
0.2164179104    1 0.0003865481
0.2166666667    2 0.0007730963
0.217302799     1 0.0003865481
0.2187004754    1 0.0003865481
0.2191719172    1 0.0003865481
0.2193211488    1 0.0003865481
0.219665272     1 0.0003865481
0.2198221093    1 0.0003865481
0.2201591512    1 0.0003865481
0.2203389831    1 0.0003865481
0.2204724409    1 0.0003865481
0.2207207207    1 0.0003865481
0.2211772901    1 0.0003865481
0.2213209733    4 0.0015461925
0.2214285714    1 0.0003865481
0.2216088328    1 0.0003865481
0.2217275156    1 0.0003865481
0.222048882     1 0.0003865481
0.2222222222    2 0.0007730963
0.2226487524    1 0.0003865481
0.222826087     1 0.0003865481
0.2234332425    1 0.0003865481
0.2236503856    1 0.0003865481
0.2238325282    1 0.0003865481
0.223880597     2 0.0007730963
0.2243589744    1 0.0003865481
0.2244897959    1 0.0003865481
0.2245922208    1 0.0003865481
0.2250922509    1 0.0003865481
0.2253521127    1 0.0003865481
0.2256376717   20 0.0077309625
0.2257844475    1 0.0003865481
0.2258512856    1 0.0003865481
0.2260024301    1 0.0003865481
0.2263513514    2 0.0007730963
0.2271964424   72 0.0278314650
0.2276422764    1 0.0003865481
0.2283236994    1 0.0003865481
0.2283464567    1 0.0003865481
0.2283776145    1 0.0003865481
0.2287024902    1 0.0003865481
0.2292358804    1 0.0003865481
0.2292993631    1 0.0003865481
0.2295472597    1 0.0003865481
0.2295524691    1 0.0003865481
0.2296511628    1 0.0003865481
0.229787234     1 0.0003865481
0.2300242131    1 0.0003865481
0.2300613497    1 0.0003865481
0.2300683371    1 0.0003865481
0.2307692308    9 0.0034789331
0.2316513761    1 0.0003865481
0.2324528302    1 0.0003865481
0.2329545455    1 0.0003865481
0.2331288344    6 0.0023192888
0.2333333333    1 0.0003865481
0.2336769759    1 0.0003865481
0.2338129496    1 0.0003865481
0.2341549296    1 0.0003865481
0.234375        1 0.0003865481
0.2346153846    1 0.0003865481
0.2346332852    1 0.0003865481
0.2348024316    1 0.0003865481
0.2348623853    1 0.0003865481
0.2349559218    1 0.0003865481
0.2353479853    1 0.0003865481
0.2364672365    1 0.0003865481
0.2364864865    1 0.0003865481
0.2367096915    1 0.0003865481
0.2368229293    1 0.0003865481
0.2376237624    2 0.0007730963
0.2377122431    1 0.0003865481
0.237804878     1 0.0003865481
0.2380952381    1 0.0003865481
0.2383419689    1 0.0003865481
0.238372093     1 0.0003865481
0.2390804598    1 0.0003865481
0.2394366197    1 0.0003865481
0.2404421925    1 0.0003865481
0.2405642394    1 0.0003865481
0.2409638554    1 0.0003865481
0.2413162706    1 0.0003865481
0.2418032787    1 0.0003865481
0.2419354839    1 0.0003865481
0.2422360248    1 0.0003865481
0.2427184466    1 0.0003865481
0.2432432432    1 0.0003865481
0.2434402332    1 0.0003865481
0.2434625789    1 0.0003865481
0.2435233161    2 0.0007730963
0.2436069987    1 0.0003865481
0.2437833037    1 0.0003865481
0.2442477876    1 0.0003865481
0.244297884     1 0.0003865481
0.244998245     1 0.0003865481
0.2451726156    1 0.0003865481
0.2454545455    1 0.0003865481
0.2455516014    1 0.0003865481
0.2464589235    1 0.0003865481
0.2467532468    2 0.0007730963
0.2469945355    1 0.0003865481
0.2470588235    1 0.0003865481
0.2471264368    1 0.0003865481
0.2474747475    1 0.0003865481
0.2479674797    2 0.0007730963
0.2481343284    1 0.0003865481
0.2482365708    1 0.0003865481
0.2483870968    1 0.0003865481
0.2485875706    1 0.0003865481
0.25            2 0.0007730963
0.2512820513    1 0.0003865481
0.2513089005    1 0.0003865481
0.2516556291    2 0.0007730963
0.2517814727    1 0.0003865481
0.2519251925    3 0.0011596444
0.2525083612    1 0.0003865481
0.2528589581    1 0.0003865481
0.2532656023    1 0.0003865481
0.2543103448    1 0.0003865481
0.2543604651    1 0.0003865481
0.2543859649    1 0.0003865481
0.2544642857    1 0.0003865481
0.2546239211    1 0.0003865481
0.2547332186    1 0.0003865481
0.2551813472    1 0.0003865481
0.2552910053    1 0.0003865481
0.2553191489    1 0.0003865481
0.2558139535    1 0.0003865481
0.2559667178    1 0.0003865481
0.2563788027    1 0.0003865481
0.2565217391    1 0.0003865481
0.2565543071    1 0.0003865481
0.2571428571    1 0.0003865481
0.2574568289    1 0.0003865481
0.2579252577    5 0.0019327406
0.2580019399    1 0.0003865481
0.2582417582    1 0.0003865481
0.2583586626    1 0.0003865481
0.2583732057    1 0.0003865481
0.2586750789    1 0.0003865481
0.2592121982    1 0.0003865481
0.2592804112    1 0.0003865481
0.2595419847    1 0.0003865481
0.2598967298    1 0.0003865481
0.2599190283    1 0.0003865481
0.2599531616    1 0.0003865481
0.2600536193    1 0.0003865481
0.2608695652    1 0.0003865481
0.2612051054    1 0.0003865481
0.2619047619    1 0.0003865481
0.2619222304    1 0.0003865481
0.2622673435    1 0.0003865481
0.2625407166    1 0.0003865481
0.2632850242    1 0.0003865481
0.2637362637    1 0.0003865481
0.263803681     1 0.0003865481
0.2639033535    1 0.0003865481
0.2666259915    1 0.0003865481
0.2673048601    1 0.0003865481
0.2682445759    1 0.0003865481
0.2683557394    1 0.0003865481
0.2685950413    2 0.0007730963
0.2696629213    1 0.0003865481
0.2697841727    1 0.0003865481
0.2698439057   12 0.0046385775
0.2708578143    1 0.0003865481
0.2709466812    1 0.0003865481
0.2715654952    1 0.0003865481
0.2719233604    2 0.0007730963
0.2727272727    1 0.0003865481
0.2732026144    5 0.0019327406
0.2733333333    1 0.0003865481
0.2740740741    1 0.0003865481
0.2743014561    1 0.0003865481
0.2743055556    1 0.0003865481
0.2745825603    1 0.0003865481
0.2748267898    1 0.0003865481
0.2748344371    2 0.0007730963
0.2758893281    1 0.0003865481
0.2762430939    1 0.0003865481
0.2775665399    1 0.0003865481
0.2775919732    1 0.0003865481
0.2784810127    1 0.0003865481
0.2785862786    2 0.0007730963
0.2789473684    1 0.0003865481
0.2792207792    1 0.0003865481
0.2795633717    3 0.0011596444
0.2795698925    1 0.0003865481
0.2796092796    1 0.0003865481
0.2797427653    1 0.0003865481
0.2802850356    1 0.0003865481
0.2803030303    1 0.0003865481
0.2808551992    1 0.0003865481
0.2809667674    1 0.0003865481
0.2813975449    2 0.0007730963
0.2823129252    1 0.0003865481
0.2839912281    1 0.0003865481
0.2843137255    1 0.0003865481
0.2844036697    1 0.0003865481
0.2848837209    1 0.0003865481
0.2854330709    1 0.0003865481
0.2857142857    2 0.0007730963
0.2864773686    1 0.0003865481
0.2865671642    1 0.0003865481
0.2866184448    1 0.0003865481
0.2868852459    1 0.0003865481
0.2870099473    1 0.0003865481
0.2871287129    1 0.0003865481
0.2875536481    1 0.0003865481
0.2876712329    1 0.0003865481
0.2878120411    1 0.0003865481
0.2878787879    1 0.0003865481
0.2882882883    1 0.0003865481
0.2883116883    1 0.0003865481
0.2893081761    1 0.0003865481
0.290625        1 0.0003865481
0.2911392405    1 0.0003865481
0.2911779704    1 0.0003865481
0.2913385827    1 0.0003865481
0.2919254658    1 0.0003865481
0.2925977654    1 0.0003865481
0.2929936306    1 0.0003865481
0.2934397163    1 0.0003865481
0.2937968643    3 0.0011596444
0.2938596491    1 0.0003865481
0.2941176471    1 0.0003865481
0.2941777324    1 0.0003865481
0.2942518248    5 0.0019327406
0.2948113208    1 0.0003865481
0.295154185     1 0.0003865481
0.2952380952    1 0.0003865481
0.2955854127    1 0.0003865481
0.2958579882    1 0.0003865481
0.2959442332    1 0.0003865481
0.296           1 0.0003865481
0.2960288809    1 0.0003865481
0.2960526316    1 0.0003865481
0.2962962963   20 0.0077309625
0.2972292191    1 0.0003865481
0.2973760933    1 0.0003865481
0.297979798     1 0.0003865481
0.298245614     1 0.0003865481
0.2983050847    1 0.0003865481
0.2983236401    1 0.0003865481
0.2986425339    1 0.0003865481
0.2988505747    1 0.0003865481
0.2990390051    1 0.0003865481
0.3002832861    1 0.0003865481
0.3003875969    1 0.0003865481
0.3006756757    1 0.0003865481
0.3006993007    1 0.0003865481
0.3015075377    1 0.0003865481
0.3023255814    1 0.0003865481
0.303630363     1 0.0003865481
0.3038277512    1 0.0003865481
0.3039215686    1 0.0003865481
0.3042836041    1 0.0003865481
0.3046357616    1 0.0003865481
0.3048498845    1 0.0003865481
0.3050666667    1 0.0003865481
0.3051537071    1 0.0003865481
0.3052228079    3 0.0011596444
0.3052631579    1 0.0003865481
0.305907173     1 0.0003865481
0.3060220035    1 0.0003865481
0.3063829787    1 0.0003865481
0.3066933067    1 0.0003865481
0.3066954644    1 0.0003865481
0.3069069069    1 0.0003865481
0.3070175439    1 0.0003865481
0.3071858002    1 0.0003865481
0.3080357143    1 0.0003865481
0.3085365854    1 0.0003865481
0.3085642317    1 0.0003865481
0.3086692435    1 0.0003865481
0.308707124     1 0.0003865481
0.3089983022    1 0.0003865481
0.3092901164    1 0.0003865481
0.3093681917    1 0.0003865481
0.3094471283    1 0.0003865481
0.3105542901    1 0.0003865481
0.3108108108    1 0.0003865481
0.3114686469    1 0.0003865481
0.311817279     1 0.0003865481
0.3123644252  109 0.0421337457
0.3130434783    1 0.0003865481
0.313559322     1 0.0003865481
0.3140633685    1 0.0003865481
0.3148247978    1 0.0003865481
0.3153814769    1 0.0003865481
0.3157248157    1 0.0003865481
0.3157894737    1 0.0003865481
0.3158878505    1 0.0003865481
0.3171641791    1 0.0003865481
0.3173333333    1 0.0003865481
0.3173515982    1 0.0003865481
0.317679558     1 0.0003865481
0.3180827887    1 0.0003865481
0.3184357542    1 0.0003865481
0.3189252336    1 0.0003865481
0.3189368771    1 0.0003865481
0.3191287879    1 0.0003865481
0.3191489362    2 0.0007730963
0.3192771084    1 0.0003865481
0.3196721311    1 0.0003865481
0.3199060087    1 0.0003865481
0.3199214917    1 0.0003865481
0.32            1 0.0003865481
0.320055905     1 0.0003865481
0.3201058201    1 0.0003865481
0.3203883495    1 0.0003865481
0.3213296399    1 0.0003865481
0.3214285714    2 0.0007730963
0.3216783217    2 0.0007730963
0.3219814241    2 0.0007730963
0.3221757322    3 0.0011596444
0.3221873912    1 0.0003865481
0.3225806452    1 0.0003865481
0.3232462173    1 0.0003865481
0.3233965673    1 0.0003865481
0.3239700375    1 0.0003865481
0.3241264559    1 0.0003865481
0.3252788104    1 0.0003865481
0.3257261411    1 0.0003865481
0.3259668508    2 0.0007730963
0.3261670762    1 0.0003865481
0.3273743017    1 0.0003865481
0.3273809524    1 0.0003865481
0.327510917     3 0.0011596444
0.3276450512    1 0.0003865481
0.3277227723    1 0.0003865481
0.328125        2 0.0007730963
0.3288515406    1 0.0003865481
0.329199549     1 0.0003865481
0.3293455313    1 0.0003865481
0.3294117647    1 0.0003865481
0.3298969072    1 0.0003865481
0.3301435407    1 0.0003865481
0.3303030303    1 0.0003865481
0.3303571429    1 0.0003865481
0.3310344828    1 0.0003865481
0.3318181818    1 0.0003865481
0.3324022346    1 0.0003865481
0.3328456474    1 0.0003865481
0.3333333333    3 0.0011596444
0.3340517241    4 0.0015461925
0.3343451865    1 0.0003865481
0.3352059925    1 0.0003865481
0.3360160966    1 0.0003865481
0.3364016736    1 0.0003865481
0.3366141732    1 0.0003865481
0.3366336634    1 0.0003865481
0.3368026644    1 0.0003865481
0.3368146214    5 0.0019327406
0.3381147541    3 0.0011596444
0.3382099828   10 0.0038654813
0.3388888889    1 0.0003865481
0.3389830508    1 0.0003865481
0.3392857143    3 0.0011596444
0.3393501805    1 0.0003865481
0.3395017794    1 0.0003865481
0.34            1 0.0003865481
0.340356564     1 0.0003865481
0.3407234539    1 0.0003865481
0.3410359049    4 0.0015461925
0.341211226     4 0.0015461925
0.341563786     1 0.0003865481
0.3418439716    1 0.0003865481
0.3420074349    1 0.0003865481
0.3421828909    1 0.0003865481
0.3422459893    1 0.0003865481
0.3424657534    1 0.0003865481
0.3425925926    1 0.0003865481
0.3427230047    2 0.0007730963
0.3429256595    1 0.0003865481
0.3430232558    1 0.0003865481
0.3432282004    1 0.0003865481
0.34375         2 0.0007730963
0.3445190157    1 0.0003865481
0.3446808511    1 0.0003865481
0.3457711443    1 0.0003865481
0.3458563536    1 0.0003865481
0.3459915612    1 0.0003865481
0.3460026212    1 0.0003865481
0.3461538462    2 0.0007730963
0.3464052288    1 0.0003865481
0.3469985359    1 0.0003865481
0.347133758     1 0.0003865481
0.34765625      1 0.0003865481
0.3478827362    1 0.0003865481
0.3481675393    1 0.0003865481
0.3483606557    1 0.0003865481
0.3484536082    4 0.0015461925
0.3488975357    2 0.0007730963
0.349120433     2 0.0007730963
0.3494809689    1 0.0003865481
0.35            1 0.0003865481
0.3500948767    1 0.0003865481
0.3501063076    1 0.0003865481
0.3503708158    1 0.0003865481
0.3503836317    1 0.0003865481
0.3504273504    1 0.0003865481
0.3505154639    1 0.0003865481
0.350877193     1 0.0003865481
0.3509249184    1 0.0003865481
0.3510638298    1 0.0003865481
0.3514099783    1 0.0003865481
0.3516949153    2 0.0007730963
0.3517877739    1 0.0003865481
0.3518518519    1 0.0003865481
0.3519594975    5 0.0019327406
0.3521126761    1 0.0003865481
0.3523206751    1 0.0003865481
0.3523559227    1 0.0003865481
0.352674524     1 0.0003865481
0.3528301887    1 0.0003865481
0.3529411765    1 0.0003865481
0.3532110092    1 0.0003865481
0.3533333333    1 0.0003865481
0.3533834586    1 0.0003865481
0.3535676251    1 0.0003865481
0.3536794067    1 0.0003865481
0.3550609433    1 0.0003865481
0.3553719008    1 0.0003865481
0.3555408971    1 0.0003865481
0.3555555556    1 0.0003865481
0.3559322034    1 0.0003865481
0.3560311284    1 0.0003865481
0.3566703418    1 0.0003865481
0.3572895277    1 0.0003865481
0.3574879227    1 0.0003865481
0.3578947368    1 0.0003865481
0.3581936367    4 0.0015461925
0.3582089552    1 0.0003865481
0.3583333333    1 0.0003865481
0.358974359     1 0.0003865481
0.3593287266    1 0.0003865481
0.3595206391    1 0.0003865481
0.3596614951    1 0.0003865481
0.3607594937    1 0.0003865481
0.3611111111    1 0.0003865481
0.3613861386    1 0.0003865481
0.3615023474    1 0.0003865481
0.3618090452    1 0.0003865481
0.3618545043   10 0.0038654813
0.3623595506    1 0.0003865481
0.3625866051    1 0.0003865481
0.3627329193    1 0.0003865481
0.3628318584    1 0.0003865481
0.3629343629    1 0.0003865481
0.3629893238    1 0.0003865481
0.3631284916    1 0.0003865481
0.3636363636    2 0.0007730963
0.3637901861    1 0.0003865481
0.3639344262    1 0.0003865481
0.3640167364    1 0.0003865481
0.3640256959    1 0.0003865481
0.3644983462    1 0.0003865481
0.3647469459    1 0.0003865481
0.3650793651    1 0.0003865481
0.3652173913    1 0.0003865481
0.365248227     1 0.0003865481
0.3657262278    1 0.0003865481
0.3666666667    1 0.0003865481
0.3669724771    1 0.0003865481
0.3673469388    2 0.0007730963
0.3673561151    1 0.0003865481
0.367397454     6 0.0023192888
0.3675213675    1 0.0003865481
0.3678571429    1 0.0003865481
0.3680781759    2 0.0007730963
0.3681553398    1 0.0003865481
0.3682008368    1 0.0003865481
0.3686800895    1 0.0003865481
0.3686888454    1 0.0003865481
0.36900369      1 0.0003865481
0.3690851735    1 0.0003865481
0.3692729767    1 0.0003865481
0.3694158076    4 0.0015461925
0.3694444444    1 0.0003865481
0.3695652174    1 0.0003865481
0.369955157     1 0.0003865481
0.3702290076    1 0.0003865481
0.3705066516    1 0.0003865481
0.3707124011    1 0.0003865481
0.3710691824    1 0.0003865481
0.3712871287    1 0.0003865481
0.3713411134    1 0.0003865481
0.3717579251    1 0.0003865481
0.3717948718    1 0.0003865481
0.3718637993    1 0.0003865481
0.3719433719    1 0.0003865481
0.3721590909    1 0.0003865481
0.372246696     1 0.0003865481
0.3728549142    1 0.0003865481
0.3730803975    1 0.0003865481
0.3733944954    1 0.0003865481
0.3737574553    3 0.0011596444
0.3743286788    1 0.0003865481
0.3743842365    1 0.0003865481
0.3745519713    1 0.0003865481
0.3746494672    2 0.0007730963
0.374853114     1 0.0003865481
0.375           2 0.0007730963
0.3755129959    1 0.0003865481
0.3755458515    1 0.0003865481
0.3757455268    1 0.0003865481
0.3758865248    2 0.0007730963
0.3760683761    1 0.0003865481
0.3761153054    1 0.0003865481
0.3761814745    1 0.0003865481
0.3764705882    1 0.0003865481
0.3767705382    1 0.0003865481
0.3770180437    1 0.0003865481
0.3771929825    1 0.0003865481
0.3776978417    1 0.0003865481
0.3778089888    1 0.0003865481
0.3782201405    1 0.0003865481
0.3783783784    1 0.0003865481
0.3788659794    1 0.0003865481
0.3789967732    1 0.0003865481
0.3791621912    1 0.0003865481
0.3793103448    1 0.0003865481
0.3796296296    1 0.0003865481
0.3801652893    1 0.0003865481
0.3803418803    1 0.0003865481
0.380952381     1 0.0003865481
0.3809768638    1 0.0003865481
0.3810835629    1 0.0003865481
0.3812154696    1 0.0003865481
0.3815789474    1 0.0003865481
0.3816793893    1 0.0003865481
0.3817166783    1 0.0003865481
0.3825042882    1 0.0003865481
0.3837209302    2 0.0007730963
0.3838526912    1 0.0003865481
0.3842105263    1 0.0003865481
0.3854653634    1 0.0003865481
0.3855421687    1 0.0003865481
0.3856022808    3 0.0011596444
0.3857142857    1 0.0003865481
0.3858447489    1 0.0003865481
0.3858695652    1 0.0003865481
0.3858998145    1 0.0003865481
0.3860565111    1 0.0003865481
0.3861003861    1 0.0003865481
0.3861892583    3 0.0011596444
0.3862275449    1 0.0003865481
0.3863867254    1 0.0003865481
0.3865546218    1 0.0003865481
0.3881690141    1 0.0003865481
0.3881889764    1 0.0003865481
0.3887323944    1 0.0003865481
0.3888232315    3 0.0011596444
0.3888888889    1 0.0003865481
0.3892215569    1 0.0003865481
0.3893129771    1 0.0003865481
0.3898305085    2 0.0007730963
0.3899015294    1 0.0003865481
0.3899371069    1 0.0003865481
0.3902439024    1 0.0003865481
0.3902798233    1 0.0003865481
0.3905228758    1 0.0003865481
0.390625        1 0.0003865481
0.3906836965    1 0.0003865481
0.3907875186    1 0.0003865481
0.3909090909    1 0.0003865481
0.3911290323    1 0.0003865481
0.3911735206    1 0.0003865481
0.3912454874    1 0.0003865481
0.3918918919    1 0.0003865481
0.3919413919    1 0.0003865481
0.3923611111    1 0.0003865481
0.3924268503    3 0.0011596444
0.3930635838    1 0.0003865481
0.393258427     1 0.0003865481
0.3935538592    1 0.0003865481
0.393619826     1 0.0003865481
0.3940520446    1 0.0003865481
0.3940677966    1 0.0003865481
0.3941747573    1 0.0003865481
0.3945454545    1 0.0003865481
0.3948497854    1 0.0003865481
0.3949483352    1 0.0003865481
0.3950953678    1 0.0003865481
0.395480226     2 0.0007730963
0.3961661342    2 0.0007730963
0.3963449457    1 0.0003865481
0.3968253968    1 0.0003865481
0.397260274     2 0.0007730963
0.3974820144    1 0.0003865481
0.3975265018    1 0.0003865481
0.3976311337    1 0.0003865481
0.3978385681    1 0.0003865481
0.3981849121    1 0.0003865481
0.3982683983    1 0.0003865481
0.3985778443    1 0.0003865481
0.3986486486    1 0.0003865481
0.3988764045    1 0.0003865481
0.3989071038    1 0.0003865481
0.3991507431    1 0.0003865481
0.3994490358    1 0.0003865481
0.4             3 0.0011596444
0.400621118     1 0.0003865481
0.4007220217    1 0.0003865481
0.4011065007    1 0.0003865481
0.4014978834    7 0.0027058369
0.4015904573    4 0.0015461925
0.4018126888    1 0.0003865481
0.401891253     1 0.0003865481
0.4019047619    1 0.0003865481
0.4019607843    1 0.0003865481
0.402173913     1 0.0003865481
0.4022536959    1 0.0003865481
0.40234375      1 0.0003865481
0.4025080906    3 0.0011596444
0.4035580524    1 0.0003865481
0.404109589     1 0.0003865481
0.4042790283    1 0.0003865481
0.404915912     1 0.0003865481
0.4051094891    1 0.0003865481
0.4051948052    1 0.0003865481
0.4054360136    1 0.0003865481
0.40625         2 0.0007730963
0.4064171123    1 0.0003865481
0.4064516129    1 0.0003865481
0.4065281899    1 0.0003865481
0.4065708419    1 0.0003865481
0.4066746126    1 0.0003865481
0.4070315332    1 0.0003865481
0.4072299652    1 0.0003865481
0.407310705     1 0.0003865481
0.4075313808    1 0.0003865481
0.4077669903    1 0.0003865481
0.4081954295    1 0.0003865481
0.4082125604    1 0.0003865481
0.4093309859    1 0.0003865481
0.4096728307    1 0.0003865481
0.4097859327    1 0.0003865481
0.4099326599    4 0.0015461925
0.4102726696    1 0.0003865481
0.4102930665    1 0.0003865481
0.4107579462    3 0.0011596444
0.4112318841    1 0.0003865481
0.4115523466    1 0.0003865481
0.4117647059    1 0.0003865481
0.4119076549    1 0.0003865481
0.4123539232    1 0.0003865481
0.4129539498    1 0.0003865481
0.4130434783    2 0.0007730963
0.4132231405    1 0.0003865481
0.413247652     1 0.0003865481
0.4134762634    2 0.0007730963
0.4136125654    1 0.0003865481
0.4140409066    1 0.0003865481
0.4142550911    1 0.0003865481
0.4145299145    1 0.0003865481
0.4146507666    1 0.0003865481
0.4151785714    1 0.0003865481
0.4156079855    1 0.0003865481
0.4157894737    1 0.0003865481
0.415991054     1 0.0003865481
0.4164156627    1 0.0003865481
0.416454892     1 0.0003865481
0.4164619165    1 0.0003865481
0.4164694747    1 0.0003865481
0.4166153846    1 0.0003865481
0.4166666667    2 0.0007730963
0.4174430642    1 0.0003865481
0.417721519     1 0.0003865481
0.4177545692    1 0.0003865481
0.4183350896    1 0.0003865481
0.4185110664    1 0.0003865481
0.4187969925    1 0.0003865481
0.4190140845    1 0.0003865481
0.4190307329    4 0.0015461925
0.4191616766    1 0.0003865481
0.4192949907    1 0.0003865481
0.4193083573    1 0.0003865481
0.4195402299    1 0.0003865481
0.4199491741    1 0.0003865481
0.4204081633    1 0.0003865481
0.4204946996    1 0.0003865481
0.4206349206    1 0.0003865481
0.4207920792    1 0.0003865481
0.4208333333    1 0.0003865481
0.4211302211    1 0.0003865481
0.4213085765    1 0.0003865481
0.4216027875    1 0.0003865481
0.4216524217    1 0.0003865481
0.4218181818    1 0.0003865481
0.4219653179    1 0.0003865481
0.4221149627    1 0.0003865481
0.4223709369    6 0.0023192888
0.4225352113    1 0.0003865481
0.422979798     1 0.0003865481
0.4230111206    1 0.0003865481
0.4230769231    1 0.0003865481
0.4231927711    1 0.0003865481
0.4232365145    1 0.0003865481
0.4234620887    2 0.0007730963
0.424071991     1 0.0003865481
0.4240924092    1 0.0003865481
0.4243781095    1 0.0003865481
0.4246218049    1 0.0003865481
0.4251908397    1 0.0003865481
0.4252136752    2 0.0007730963
0.425349087     1 0.0003865481
0.4255319149    1 0.0003865481
0.4266666667    1 0.0003865481
0.427027027     1 0.0003865481
0.4271457086    1 0.0003865481
0.4272727273    1 0.0003865481
0.427672956     1 0.0003865481
0.4282632147    1 0.0003865481
0.4283121597    1 0.0003865481
0.4285714286    5 0.0019327406
0.4291115312    1 0.0003865481
0.4294117647    1 0.0003865481
0.4295822102    2 0.0007730963
0.4296296296    1 0.0003865481
0.4297520661    2 0.0007730963
0.4298056156    1 0.0003865481
0.4298128342    1 0.0003865481
0.4301369863    1 0.0003865481
0.4303560275    1 0.0003865481
0.4303797468    1 0.0003865481
0.4304778304    5 0.0019327406
0.4306569343    1 0.0003865481
0.4309466345    1 0.0003865481
0.431372549     1 0.0003865481
0.4314827829    1 0.0003865481
0.4318181818    1 0.0003865481
0.4318573893    1 0.0003865481
0.4319727891    1 0.0003865481
0.4323026118    2 0.0007730963
0.4326923077    1 0.0003865481
0.4333145751    1 0.0003865481
0.4333333333    1 0.0003865481
0.4335106383    1 0.0003865481
0.4337221633    1 0.0003865481
0.4337349398    1 0.0003865481
0.433808554     1 0.0003865481
0.4339653482    1 0.0003865481
0.4345549738    1 0.0003865481
0.4347826087    2 0.0007730963
0.4350961538    2 0.0007730963
0.4358974359    1 0.0003865481
0.436123348     1 0.0003865481
0.4362745098    1 0.0003865481
0.4363636364    1 0.0003865481
0.4367346939    1 0.0003865481
0.4376498801    1 0.0003865481
0.4376840039    1 0.0003865481
0.4383954155    1 0.0003865481
0.4390243902    1 0.0003865481
0.4391534392    1 0.0003865481
0.4396135266    1 0.0003865481
0.44            2 0.0007730963
0.4403292181    1 0.0003865481
0.4404145078    1 0.0003865481
0.4406504065    1 0.0003865481
0.4408427877    1 0.0003865481
0.4413518887    1 0.0003865481
0.4413793103    1 0.0003865481
0.4417266187    1 0.0003865481
0.442219304     1 0.0003865481
0.4422535211    1 0.0003865481
0.4424242424    1 0.0003865481
0.4425072644    1 0.0003865481
0.4429280397    1 0.0003865481
0.4437869822    1 0.0003865481
0.4438356164    1 0.0003865481
0.4440406977    1 0.0003865481
0.4440789474    1 0.0003865481
0.444598338     1 0.0003865481
0.4446793517    1 0.0003865481
0.445243805     1 0.0003865481
0.4454674221    1 0.0003865481
0.445482866     1 0.0003865481
0.4456521739    1 0.0003865481
0.4457870147   14 0.0054116738
0.4459459459    1 0.0003865481
0.4460093897    1 0.0003865481
0.4463452566    1 0.0003865481
0.4465116279    1 0.0003865481
0.4468794664    1 0.0003865481
0.4477818854    1 0.0003865481
0.448           1 0.0003865481
0.4480600751    1 0.0003865481
0.4482090997    1 0.0003865481
0.4482758621    1 0.0003865481
0.4485013624    1 0.0003865481
0.4485981308    1 0.0003865481
0.4496771743    1 0.0003865481
0.4505807063    1 0.0003865481
0.4507042254    1 0.0003865481
0.4507772021    1 0.0003865481
0.4510739857    1 0.0003865481
0.4516129032    2 0.0007730963
0.4517241379    1 0.0003865481
0.4521575985    1 0.0003865481
0.4523809524    1 0.0003865481
0.4525547445    1 0.0003865481
0.452722063     1 0.0003865481
0.4528458662    1 0.0003865481
0.4533333333    1 0.0003865481
0.4533789564    1 0.0003865481
0.4534883721    1 0.0003865481
0.4536082474    1 0.0003865481
0.4537037037    1 0.0003865481
0.4540059347    1 0.0003865481
0.4540960452    1 0.0003865481
0.4543960559    1 0.0003865481
0.4545454545    1 0.0003865481
0.4555084746    3 0.0011596444
0.4558232932    1 0.0003865481
0.4563106796    1 0.0003865481
0.4567307692    1 0.0003865481
0.4569536424    1 0.0003865481
0.4570135747    1 0.0003865481
0.4572004028    2 0.0007730963
0.4573125464    1 0.0003865481
0.4579207921    2 0.0007730963
0.4584678603    1 0.0003865481
0.4588068182    1 0.0003865481
0.4593495935    2 0.0007730963
0.4594594595    2 0.0007730963
0.4595808383    1 0.0003865481
0.4600638978    1 0.0003865481
0.4609929078    1 0.0003865481
0.4613130129    1 0.0003865481
0.4613180516    1 0.0003865481
0.4616541353    3 0.0011596444
0.4617486339    1 0.0003865481
0.4618226601    1 0.0003865481
0.4620240679    1 0.0003865481
0.4620253165    3 0.0011596444
0.4622356495    1 0.0003865481
0.4633368757    1 0.0003865481
0.4634920635    1 0.0003865481
0.4635761589    1 0.0003865481
0.463672391     1 0.0003865481
0.4642857143    2 0.0007730963
0.4643237487    1 0.0003865481
0.4647887324    1 0.0003865481
0.4649538538    1 0.0003865481
0.4651162791    1 0.0003865481
0.4656084656    1 0.0003865481
0.4657534247    1 0.0003865481
0.4661172161    1 0.0003865481
0.46635183      1 0.0003865481
0.466395112     1 0.0003865481
0.4671532847    1 0.0003865481
0.4687131051    2 0.0007730963
0.4695652174    1 0.0003865481
0.4696132597    1 0.0003865481
0.4698412698    1 0.0003865481
0.4699546485    1 0.0003865481
0.4716981132    1 0.0003865481
0.4720496894    1 0.0003865481
0.4730769231    1 0.0003865481
0.4734299517    1 0.0003865481
0.4736842105    1 0.0003865481
0.4738351254    2 0.0007730963
0.4740389679    1 0.0003865481
0.4740532959    1 0.0003865481
0.4742268041    1 0.0003865481
0.4744952179    1 0.0003865481
0.4745762712    1 0.0003865481
0.4747145188    1 0.0003865481
0.4747474747    1 0.0003865481
0.4754098361    1 0.0003865481
0.4756756757    1 0.0003865481
0.4764207981    1 0.0003865481
0.4769508888    1 0.0003865481
0.4774193548    1 0.0003865481
0.4774792572    1 0.0003865481
0.4786324786    1 0.0003865481
0.4789121009    2 0.0007730963
0.4790575916    1 0.0003865481
0.4792560801    1 0.0003865481
0.4797297297    1 0.0003865481
0.4798339265    1 0.0003865481
0.4803921569    1 0.0003865481
0.4808510638    1 0.0003865481
0.4809160305    1 0.0003865481
0.481091302     1 0.0003865481
0.4810933941    1 0.0003865481
0.4812834225    1 0.0003865481
0.4813084112    1 0.0003865481
0.4814189189    1 0.0003865481
0.4820717131    1 0.0003865481
0.4833333333    1 0.0003865481
0.4836601307    1 0.0003865481
0.4836956522    1 0.0003865481
0.4838709677    1 0.0003865481
0.4840764331    1 0.0003865481
0.4840887175    1 0.0003865481
0.4841930116    1 0.0003865481
0.4842883549    1 0.0003865481
0.484496124     1 0.0003865481
0.4846292948    1 0.0003865481
0.4848484848    1 0.0003865481
0.4851668727    1 0.0003865481
0.4855842185    1 0.0003865481
0.4861751152    1 0.0003865481
0.4863387978    1 0.0003865481
0.4864864865    2 0.0007730963
0.4867256637    1 0.0003865481
0.4867549669    1 0.0003865481
0.4876847291    4 0.0015461925
0.488           1 0.0003865481
0.4885588117    1 0.0003865481
0.4886180319    2 0.0007730963
0.4886877828    1 0.0003865481
0.4888475836    1 0.0003865481
0.4888888889    1 0.0003865481
0.489010989     1 0.0003865481
0.4895104895    1 0.0003865481
0.4897579143    1 0.0003865481
0.4901960784    1 0.0003865481
0.4912718204    1 0.0003865481
0.491588785     1 0.0003865481
0.493006993     1 0.0003865481
0.4930875576    1 0.0003865481
0.4935064935    1 0.0003865481
0.4935521688    1 0.0003865481
0.4937965261    1 0.0003865481
0.4942857143    1 0.0003865481
0.4943977591    1 0.0003865481
0.4944444444    1 0.0003865481
0.4947807933    1 0.0003865481
0.4949053857    1 0.0003865481
0.4953020134    2 0.0007730963
0.4955097728    1 0.0003865481
0.4955752212    1 0.0003865481
0.496           1 0.0003865481
0.4973404255    1 0.0003865481
0.497729337     2 0.0007730963
0.4984423676    1 0.0003865481
0.4988627748    1 0.0003865481
0.4988883948    1 0.0003865481
0.4991304348    1 0.0003865481
0.5            12 0.0046385775
0.5005561735    1 0.0003865481
0.5011876485    1 0.0003865481
0.501305483     1 0.0003865481
0.5026362039    1 0.0003865481
0.5026737968    1 0.0003865481
0.5027624309    1 0.0003865481
0.5036674817    5 0.0019327406
0.504468719     1 0.0003865481
0.5048814505    1 0.0003865481
0.5053533191    1 0.0003865481
0.506           1 0.0003865481
0.5063291139    1 0.0003865481
0.5064935065    1 0.0003865481
0.5066815145    1 0.0003865481
0.5068359375    3 0.0011596444
0.5071047957    1 0.0003865481
0.5072625698    1 0.0003865481
0.5073649755    1 0.0003865481
0.5073684211    1 0.0003865481
0.5074875208    1 0.0003865481
0.5074967405    1 0.0003865481
0.5075022065    1 0.0003865481
0.5075049561    1 0.0003865481
0.5078299776    1 0.0003865481
0.5080091533    1 0.0003865481
0.5081857668    1 0.0003865481
0.5082578583    1 0.0003865481
0.5083014049    1 0.0003865481
0.5086206897    1 0.0003865481
0.5090252708    1 0.0003865481
0.5098039216    1 0.0003865481
0.5100264851    1 0.0003865481
0.5101796407    1 0.0003865481
0.5102880658    1 0.0003865481
0.5106786901    1 0.0003865481
0.5109717868    1 0.0003865481
0.5114873035    2 0.0007730963
0.5123493976    1 0.0003865481
0.5126705653    1 0.0003865481
0.5144032922    1 0.0003865481
0.5155367232    1 0.0003865481
0.5157068063    1 0.0003865481
0.5157894737    1 0.0003865481
0.5158850227    1 0.0003865481
0.5161290323    1 0.0003865481
0.5172413793    1 0.0003865481
0.5180327869    1 0.0003865481
0.5180722892    1 0.0003865481
0.5181818182    1 0.0003865481
0.5183246073    1 0.0003865481
0.5184551454    1 0.0003865481
0.5185185185    1 0.0003865481
0.5186915888    1 0.0003865481
0.5195381883    2 0.0007730963
0.5199306759    1 0.0003865481
0.5200120373    1 0.0003865481
0.5202492212    1 0.0003865481
0.5208333333    1 0.0003865481
0.5211267606    1 0.0003865481
0.5211521152    1 0.0003865481
0.521322691     5 0.0019327406
0.5213301982    2 0.0007730963
0.5216049383    1 0.0003865481
0.5223613596    1 0.0003865481
0.5224416517    1 0.0003865481
0.5228233305    1 0.0003865481
0.523255814     1 0.0003865481
0.523364486     1 0.0003865481
0.5234375       1 0.0003865481
0.5234899329    1 0.0003865481
0.5236486486    1 0.0003865481
0.5237613751    3 0.0011596444
0.5238095238    1 0.0003865481
0.5252525253    1 0.0003865481
0.5256410256    1 0.0003865481
0.5257964477    1 0.0003865481
0.5258215962    1 0.0003865481
0.5259165613    1 0.0003865481
0.526034713     1 0.0003865481
0.5263157895    1 0.0003865481
0.5266393443    1 0.0003865481
0.5277777778    1 0.0003865481
0.5281625115    1 0.0003865481
0.528436019     1 0.0003865481
0.5290697674    1 0.0003865481
0.5303030303    2 0.0007730963
0.5306122449    1 0.0003865481
0.5308641975    1 0.0003865481
0.5310638298    1 0.0003865481
0.5314685315    1 0.0003865481
0.5315682281    1 0.0003865481
0.5316666667    1 0.0003865481
0.5319148936    1 0.0003865481
0.5326020719    1 0.0003865481
0.5331491713    1 0.0003865481
0.5338114754    1 0.0003865481
0.5340206186    1 0.0003865481
0.5343223535    1 0.0003865481
0.5348837209    1 0.0003865481
0.53514377      1 0.0003865481
0.5353075171    1 0.0003865481
0.5354273192    1 0.0003865481
0.5357142857    2 0.0007730963
0.5362318841    1 0.0003865481
0.5363247863    1 0.0003865481
0.5370741483    1 0.0003865481
0.5378151261    1 0.0003865481
0.5379449295    1 0.0003865481
0.5384615385    1 0.0003865481
0.5390070922    1 0.0003865481
0.5392670157    1 0.0003865481
0.5394190871    1 0.0003865481
0.5396825397    1 0.0003865481
0.539791259     1 0.0003865481
0.5401350338    1 0.0003865481
0.540423223    23 0.0088906069
0.5404719614    4 0.0015461925
0.5405405405    1 0.0003865481
0.5406301824    1 0.0003865481
0.5408348457    2 0.0007730963
0.5408602151    1 0.0003865481
0.5408805031    1 0.0003865481
0.5410199557    1 0.0003865481
0.5410628019    1 0.0003865481
0.5416666667    1 0.0003865481
0.542019544     1 0.0003865481
0.5420673077    1 0.0003865481
0.5423728814    1 0.0003865481
0.5430327869    1 0.0003865481
0.5433212996    1 0.0003865481
0.5433884298    1 0.0003865481
0.5434243176    1 0.0003865481
0.5436241611    1 0.0003865481
0.5437415882    1 0.0003865481
0.543830145     1 0.0003865481
0.5438596491    2 0.0007730963
0.5442176871    1 0.0003865481
0.5447019868    1 0.0003865481
0.5447254781    1 0.0003865481
0.5454545455    1 0.0003865481
0.5464788732    1 0.0003865481
0.5486228218    1 0.0003865481
0.5488069414    1 0.0003865481
0.5490196078    1 0.0003865481
0.5509601182    1 0.0003865481
0.5510204082    1 0.0003865481
0.5512195122    1 0.0003865481
0.5513271506    1 0.0003865481
0.5513513514    1 0.0003865481
0.5515151515    1 0.0003865481
0.5518292683    1 0.0003865481
0.5525606469    1 0.0003865481
0.5526075023    1 0.0003865481
0.5528846154    1 0.0003865481
0.5530227948    1 0.0003865481
0.5535483871    1 0.0003865481
0.5537414966    1 0.0003865481
0.5538461538    1 0.0003865481
0.5546391753    1 0.0003865481
0.5558882236    1 0.0003865481
0.557319224     1 0.0003865481
0.5580808081    2 0.0007730963
0.5582089552    1 0.0003865481
0.5587044534    1 0.0003865481
0.5587270341    1 0.0003865481
0.56            1 0.0003865481
0.5602836879    1 0.0003865481
0.560546875     1 0.0003865481
0.5608591885    1 0.0003865481
0.5609756098    1 0.0003865481
0.5610687023    1 0.0003865481
0.5614469772    1 0.0003865481
0.5617283951    1 0.0003865481
0.5624242424    1 0.0003865481
0.5627118644    1 0.0003865481
0.5629090909    1 0.0003865481
0.5638888889    1 0.0003865481
0.5640138408    1 0.0003865481
0.5647522523    4 0.0015461925
0.5647668394    1 0.0003865481
0.5649546828    1 0.0003865481
0.565529623     1 0.0003865481
0.5669811321    1 0.0003865481
0.5674703131    1 0.0003865481
0.5681818182    1 0.0003865481
0.5687732342    1 0.0003865481
0.569664903     1 0.0003865481
0.5696864111    1 0.0003865481
0.5701492537    1 0.0003865481
0.5714285714    3 0.0011596444
0.5718799368    1 0.0003865481
0.5723684211    1 0.0003865481
0.5725496477    1 0.0003865481
0.5726744186    1 0.0003865481
0.5732647815    1 0.0003865481
0.5737704918    1 0.0003865481
0.5740318907    1 0.0003865481
0.5741444867    1 0.0003865481
0.5743801653    1 0.0003865481
0.574433657     1 0.0003865481
0.5744627686    1 0.0003865481
0.5745454545    1 0.0003865481
0.5747663551    1 0.0003865481
0.5748106061    1 0.0003865481
0.5760598504    1 0.0003865481
0.5761643836    1 0.0003865481
0.5762711864    1 0.0003865481
0.577092511     1 0.0003865481
0.5777518928    1 0.0003865481
0.5777777778    1 0.0003865481
0.5782268579    1 0.0003865481
0.5793650794    1 0.0003865481
0.5799457995    1 0.0003865481
0.5803402647    1 0.0003865481
0.5806451613    1 0.0003865481
0.5813315031    1 0.0003865481
0.5813953488    1 0.0003865481
0.5815217391    1 0.0003865481
0.5824324324    1 0.0003865481
0.5827586207    1 0.0003865481
0.5833333333    2 0.0007730963
0.5838779956    1 0.0003865481
0.5851851852    1 0.0003865481
0.5852534562    1 0.0003865481
0.5855855856    1 0.0003865481
0.5860465116    1 0.0003865481
0.5864374403    1 0.0003865481
0.5876747141    1 0.0003865481
0.5878378378    1 0.0003865481
0.5879765396    1 0.0003865481
0.5881305638    1 0.0003865481
0.5882647944    1 0.0003865481
0.5892857143    2 0.0007730963
0.5894736842    1 0.0003865481
0.5895214521    1 0.0003865481
0.5896551724    1 0.0003865481
0.5900846433    1 0.0003865481
0.5905245347    1 0.0003865481
0.5908346972    1 0.0003865481
0.5909090909    1 0.0003865481
0.5916542474    1 0.0003865481
0.5919117647    2 0.0007730963
0.5921052632    1 0.0003865481
0.5922330097    1 0.0003865481
0.592503023     1 0.0003865481
0.5928338762    1 0.0003865481
0.593220339     1 0.0003865481
0.593495935     1 0.0003865481
0.5938713854    2 0.0007730963
0.5940298507    1 0.0003865481
0.5940860215    1 0.0003865481
0.5942028986    1 0.0003865481
0.5945945946    2 0.0007730963
0.5948434622    7 0.0027058369
0.5951417004    1 0.0003865481
0.5951571793    1 0.0003865481
0.5956521739    1 0.0003865481
0.5960451977    1 0.0003865481
0.5976253298    1 0.0003865481
0.598062954     1 0.0003865481
0.5983935743    1 0.0003865481
0.5988156921    1 0.0003865481
0.5988304094    1 0.0003865481
0.6             1 0.0003865481
0.6002638522    1 0.0003865481
0.6011235955    1 0.0003865481
0.6011342155    1 0.0003865481
0.6014492754    1 0.0003865481
0.6016949153    1 0.0003865481
0.6018099548    2 0.0007730963
0.6018518519    1 0.0003865481
0.6020761246    1 0.0003865481
0.6021505376    1 0.0003865481
0.6031128405    1 0.0003865481
0.6046887631    1 0.0003865481
0.6051282051    1 0.0003865481
0.6061057334    1 0.0003865481
0.6075059621    3 0.0011596444
0.6089776855    1 0.0003865481
0.6098765432    1 0.0003865481
0.6100511866    1 0.0003865481
0.6104651163    1 0.0003865481
0.6108786611    1 0.0003865481
0.6109467456    1 0.0003865481
0.6115384615    1 0.0003865481
0.611747851     2 0.0007730963
0.6117886179    1 0.0003865481
0.6125          1 0.0003865481
0.6137114537    4 0.0015461925
0.6140044854    1 0.0003865481
0.6141732283    1 0.0003865481
0.6145251397    1 0.0003865481
0.6149875741    1 0.0003865481
0.6158730159    1 0.0003865481
0.6160877514    1 0.0003865481
0.6171735242    1 0.0003865481
0.6175523349    1 0.0003865481
0.6185185185    1 0.0003865481
0.61875         1 0.0003865481
0.6191588785    1 0.0003865481
0.6209476309    2 0.0007730963
0.6234567901    1 0.0003865481
0.6235897436    1 0.0003865481
0.6237006237    1 0.0003865481
0.6238159675    1 0.0003865481
0.625           2 0.0007730963
0.625250501     1 0.0003865481
0.6255411255    1 0.0003865481
0.6255506608    2 0.0007730963
0.6258992806    1 0.0003865481
0.625984252     1 0.0003865481
0.6262886598    1 0.0003865481
0.6282420749    1 0.0003865481
0.6282545805    1 0.0003865481
0.6283185841    1 0.0003865481
0.6289517471    2 0.0007730963
0.6299292214    1 0.0003865481
0.6305220884    1 0.0003865481
0.6314425569    1 0.0003865481
0.6327433628    1 0.0003865481
0.6330935252    1 0.0003865481
0.6334405145    1 0.0003865481
0.6336898396    1 0.0003865481
0.6352941176    1 0.0003865481
0.6355555556    1 0.0003865481
0.636           1 0.0003865481
0.6363636364    1 0.0003865481
0.6369747899    1 0.0003865481
0.6372093023    1 0.0003865481
0.6375838926    1 0.0003865481
0.6379726468    1 0.0003865481
0.6390328152    1 0.0003865481
0.6390532544    1 0.0003865481
0.6390825688    2 0.0007730963
0.6405484819    1 0.0003865481
0.6411960133    1 0.0003865481
0.6413793103    1 0.0003865481
0.6424870466    1 0.0003865481
0.6430673042    1 0.0003865481
0.6431226766    1 0.0003865481
0.6432989691    1 0.0003865481
0.6446700508    1 0.0003865481
0.6450980392    1 0.0003865481
0.6453674121    1 0.0003865481
0.6454849498    1 0.0003865481
0.6468611848    3 0.0011596444
0.6470588235    1 0.0003865481
0.6474358974    1 0.0003865481
0.6482744369    1 0.0003865481
0.6492537313    1 0.0003865481
0.6493256262    1 0.0003865481
0.6493633692    2 0.0007730963
0.6497695853    1 0.0003865481
0.6513043478    1 0.0003865481
0.652173913     2 0.0007730963
0.6532951289    1 0.0003865481
0.6557120501    1 0.0003865481
0.6559322034    1 0.0003865481
0.6571428571    1 0.0003865481
0.6576086957    1 0.0003865481
0.6578171091    1 0.0003865481
0.6578212291    1 0.0003865481
0.66            1 0.0003865481
0.6608695652    1 0.0003865481
0.6612903226    1 0.0003865481
0.6643356643    1 0.0003865481
0.6647398844    1 0.0003865481
0.6649305556    1 0.0003865481
0.6650717703    1 0.0003865481
0.6666666667    5 0.0019327406
0.6675734494    1 0.0003865481
0.6677740864    1 0.0003865481
0.6699507389    1 0.0003865481
0.6705882353    1 0.0003865481
0.6711409396    3 0.0011596444
0.671592775     1 0.0003865481
0.6720937805    1 0.0003865481
0.6725352113    1 0.0003865481
0.6737288136    1 0.0003865481
0.6740807989    1 0.0003865481
0.6745406824    1 0.0003865481
0.6749011858    1 0.0003865481
0.6754068716    1 0.0003865481
0.6755755491    1 0.0003865481
0.6756756757    1 0.0003865481
0.6764346764    1 0.0003865481
0.6769230769    1 0.0003865481
0.678030303     1 0.0003865481
0.6790606654    1 0.0003865481
0.679743224     2 0.0007730963
0.6802218115    1 0.0003865481
0.6831858407    1 0.0003865481
0.6833578792    1 0.0003865481
0.6836158192    1 0.0003865481
0.6848874598    1 0.0003865481
0.6854082999    1 0.0003865481
0.6881937437    1 0.0003865481
0.6887417219    1 0.0003865481
0.6889952153    1 0.0003865481
0.6890625       1 0.0003865481
0.6904109589    1 0.0003865481
0.6904276986    1 0.0003865481
0.6908613905    1 0.0003865481
0.6909413854    1 0.0003865481
0.6913023885    1 0.0003865481
0.6920289855    1 0.0003865481
0.6927083333    1 0.0003865481
0.6929460581    1 0.0003865481
0.6933333333    1 0.0003865481
0.6934097421    1 0.0003865481
0.6944444444    1 0.0003865481
0.6949152542    1 0.0003865481
0.6960784314    1 0.0003865481
0.6971544715    1 0.0003865481
0.6972972973    1 0.0003865481
0.6996280223    1 0.0003865481
0.7             1 0.0003865481
0.701369863     1 0.0003865481
0.7020725389    1 0.0003865481
0.7021276596    1 0.0003865481
0.7021857923    1 0.0003865481
0.7042253521    1 0.0003865481
0.7044145873    1 0.0003865481
0.7044534413    1 0.0003865481
0.7057471264    1 0.0003865481
0.7058823529    3 0.0011596444
0.7064220183    1 0.0003865481
0.7091503268    1 0.0003865481
0.7098321343    1 0.0003865481
0.7118935165    1 0.0003865481
0.7119565217    1 0.0003865481
0.7121212121    1 0.0003865481
0.7125890736    1 0.0003865481
0.713028169     1 0.0003865481
0.7158505155    1 0.0003865481
0.7161976664    1 0.0003865481
0.7170212766    1 0.0003865481
0.7170923379    1 0.0003865481
0.7178947368    1 0.0003865481
0.7181861349    1 0.0003865481
0.7181996086    1 0.0003865481
0.7203539823    1 0.0003865481
0.7218045113    1 0.0003865481
0.7218259629    1 0.0003865481
0.7219251337    1 0.0003865481
0.7227722772    1 0.0003865481
0.7228637413    1 0.0003865481
0.723202171     1 0.0003865481
0.7237921604    1 0.0003865481
0.724340176     1 0.0003865481
0.7268041237    1 0.0003865481
0.7272727273    1 0.0003865481
0.7275280899    1 0.0003865481
0.7287234043    1 0.0003865481
0.7301324503    1 0.0003865481
0.7305389222    2 0.0007730963
0.730941704     1 0.0003865481
0.733924612     1 0.0003865481
0.734282325     1 0.0003865481
0.734375        1 0.0003865481
0.735078534     1 0.0003865481
0.7363966143    1 0.0003865481
0.7366255144    1 0.0003865481
0.7367303609    1 0.0003865481
0.739950097     1 0.0003865481
0.7418576598    1 0.0003865481
0.7424242424    1 0.0003865481
0.7425149701    1 0.0003865481
0.7428315412    1 0.0003865481
0.7435897436    1 0.0003865481
0.744           1 0.0003865481
0.7475247525    1 0.0003865481
0.75            1 0.0003865481
0.7517948718    1 0.0003865481
0.7526501767    1 0.0003865481
0.7543252595    1 0.0003865481
0.7544642857    1 0.0003865481
0.7547826087    1 0.0003865481
0.7562189055    1 0.0003865481
0.7571743929    1 0.0003865481
0.7583465819    1 0.0003865481
0.7587412587    1 0.0003865481
0.7591036415    1 0.0003865481
0.7592592593    1 0.0003865481
0.7593543654    1 0.0003865481
0.76            1 0.0003865481
0.7606557377    1 0.0003865481
0.7607142857    1 0.0003865481
0.7613365155    1 0.0003865481
0.7613941019    2 0.0007730963
0.7619047619    1 0.0003865481
0.7628294036    1 0.0003865481
0.7655453619    1 0.0003865481
0.7656500803    1 0.0003865481
0.7659574468    1 0.0003865481
0.7663934426    1 0.0003865481
0.7676211454    2 0.0007730963
0.7676348548    1 0.0003865481
0.7676767677    1 0.0003865481
0.7692307692    1 0.0003865481
0.7695652174    1 0.0003865481
0.7720306513    1 0.0003865481
0.7731092437    1 0.0003865481
0.7741203178    1 0.0003865481
0.7753846154    1 0.0003865481
0.7765151515    1 0.0003865481
0.7766990291    1 0.0003865481
0.7788461538    1 0.0003865481
0.78            1 0.0003865481
0.7805907173    1 0.0003865481
0.7806896552    1 0.0003865481
0.7808219178    1 0.0003865481
0.78125         1 0.0003865481
0.7834890966    1 0.0003865481
0.7840909091    1 0.0003865481
0.7846715328    1 0.0003865481
0.7851851852    1 0.0003865481
0.7857142857    1 0.0003865481
0.7859078591    1 0.0003865481
0.7866972477    1 0.0003865481
0.7875776398    1 0.0003865481
0.7897990726    1 0.0003865481
0.7930535456    1 0.0003865481
0.7940663176    1 0.0003865481
0.7945402299    1 0.0003865481
0.7965517241    1 0.0003865481
0.7971428571    1 0.0003865481
0.7978723404    1 0.0003865481
0.8             1 0.0003865481
0.8008752735    1 0.0003865481
0.8012170385    1 0.0003865481
0.8028169014    1 0.0003865481
0.8040201005    3 0.0011596444
0.8057142857    1 0.0003865481
0.8058134841    1 0.0003865481
0.8062893082    1 0.0003865481
0.8075313808    1 0.0003865481
0.8088235294    1 0.0003865481
0.8090909091    1 0.0003865481
0.8091068301    1 0.0003865481
0.8104575163    1 0.0003865481
0.8111888112    1 0.0003865481
0.8114754098    1 0.0003865481
0.812749004     1 0.0003865481
0.8137254902    1 0.0003865481
0.8139534884    1 0.0003865481
0.8154362416    1 0.0003865481
0.8155339806    1 0.0003865481
0.8166383701    1 0.0003865481
0.8177966102    1 0.0003865481
0.8204651163    1 0.0003865481
0.8207171315    1 0.0003865481
0.8220108696    1 0.0003865481
0.8235294118    1 0.0003865481
0.8243243243    1 0.0003865481
0.8246153846    1 0.0003865481
0.8290598291    1 0.0003865481
0.8312101911    1 0.0003865481
0.8314350797    1 0.0003865481
0.8319946452    1 0.0003865481
0.8321167883    1 0.0003865481
0.8324324324    1 0.0003865481
0.8330955777    1 0.0003865481
0.8333333333    1 0.0003865481
0.8366247756    1 0.0003865481
0.837037037     1 0.0003865481
0.8378378378    1 0.0003865481
0.8391885205    1 0.0003865481
0.84            1 0.0003865481
0.8412698413    1 0.0003865481
0.8415841584    1 0.0003865481
0.8442622951    1 0.0003865481
0.8461538462    1 0.0003865481
0.8511530398    1 0.0003865481
0.8535669587    1 0.0003865481
0.8563218391    1 0.0003865481
0.8583420776    2 0.0007730963
0.8614958449    1 0.0003865481
0.8618021006    1 0.0003865481
0.8636363636    1 0.0003865481
0.8666666667    1 0.0003865481
0.8672086721    1 0.0003865481
0.8684210526    1 0.0003865481
0.8704453441    1 0.0003865481
0.8719866999    1 0.0003865481
0.8729508197    1 0.0003865481
0.8738738739    1 0.0003865481
0.875           1 0.0003865481
0.8774038462    1 0.0003865481
0.8788198103    1 0.0003865481
0.8882175227    6 0.0023192888
0.8904363974    1 0.0003865481
0.8925619835    1 0.0003865481
0.8995884774    1 0.0003865481
0.9047619048    1 0.0003865481
0.9173913043    1 0.0003865481
0.9213213213    1 0.0003865481
0.9215116279    1 0.0003865481
0.9239239239    1 0.0003865481
0.9368932039    1 0.0003865481
0.9482071713    1 0.0003865481
0.9668674699    1 0.0003865481
