SAT Frequency 
[1] 1286
    SAT        SATF
325   1 0.000777605
370   1 0.000777605
405   1 0.000777605
410   3 0.002332815
420   1 0.000777605
430   2 0.001555210
435   1 0.000777605
440   4 0.003110420
445   1 0.000777605
450   7 0.005443235
460   9 0.006998445
463   1 0.000777605
470  18 0.013996890
475   2 0.001555210
478   1 0.000777605
480  12 0.009331260
485   2 0.001555210
490  26 0.020217729
495   1 0.000777605
500  28 0.021772939
502   1 0.000777605
505   2 0.001555210
508   1 0.000777605
510  34 0.026438569
513   2 0.001555210
515   1 0.000777605
520  54 0.041990669
525   2 0.001555210
528   2 0.001555210
530  53 0.041213064
531   1 0.000777605
533   1 0.000777605
535   2 0.001555210
536   1 0.000777605
537   1 0.000777605
538   2 0.001555210
540  74 0.057542768
548   1 0.000777605
550  71 0.055209953
553   1 0.000777605
555   4 0.003110420
558   2 0.001555210
560  91 0.070762053
562   1 0.000777605
563   2 0.001555210
565   5 0.003888025
568   2 0.001555210
570  67 0.052099533
573   3 0.002332815
574   1 0.000777605
575   4 0.003110420
577   1 0.000777605
578   4 0.003110420
580  61 0.047433904
583   3 0.002332815
585   6 0.004665630
586   1 0.000777605
588   1 0.000777605
590  67 0.052099533
595   2 0.001555210
600  75 0.058320373
605   4 0.003110420
608   1 0.000777605
609   1 0.000777605
610  58 0.045101089
613   1 0.000777605
615   3 0.002332815
618   3 0.002332815
620  63 0.048989114
625   1 0.000777605
627   2 0.001555210
630  36 0.027993779
635   2 0.001555210
640  37 0.028771384
643   1 0.000777605
647   1 0.000777605
648   2 0.001555210
650  28 0.021772939
655   2 0.001555210
658   1 0.000777605
660  31 0.024105754
670  22 0.017107309
678   1 0.000777605
680  23 0.017884914
690  22 0.017107309
700  18 0.013996890
708   1 0.000777605
710  13 0.010108865
720  14 0.010886470
730   3 0.002332815
740  15 0.011664075
750   4 0.003110420
760  13 0.010108865
770   6 0.004665630
780   7 0.005443235
790   9 0.006998445
800   5 0.003888025
ACT Frequency 
[1] 1116
   ACT        ACTF
14   2 0.001792115
16   5 0.004480287
17   7 0.006272401
18  16 0.014336918
19  26 0.023297491
20  24 0.021505376
21  24 0.021505376
22  63 0.056451613
23 117 0.104838710
24 185 0.165770609
25 198 0.177419355
26 148 0.132616487
27  95 0.085125448
28  62 0.055555556
29  38 0.034050179
30  21 0.018817204
31  24 0.021505376
32  16 0.014336918
33  17 0.015232975
34  15 0.013440860
35   9 0.008064516
36   4 0.003584229
ADM_RATE Frequency 
[1] 1942
       ADM         ADMF
0        1 0.0005149331
0.0581   1 0.0005149331
0.0661   1 0.0005149331
0.0695   1 0.0005149331
0.0716   1 0.0005149331
0.0773   2 0.0010298661
0.0785   1 0.0005149331
0.0895   1 0.0005149331
0.0948   1 0.0005149331
0.096    1 0.0005149331
0.1014   1 0.0005149331
0.1051   1 0.0005149331
0.1095   1 0.0005149331
0.1107   1 0.0005149331
0.1111   1 0.0005149331
0.126    1 0.0005149331
0.1277   1 0.0005149331
0.1282   1 0.0005149331
0.1296   1 0.0005149331
0.1322   1 0.0005149331
0.1332   1 0.0005149331
0.136    1 0.0005149331
0.1399   1 0.0005149331
0.1419   1 0.0005149331
0.1423   1 0.0005149331
0.1571   1 0.0005149331
0.1578   1 0.0005149331
0.1608   1 0.0005149331
0.1623   1 0.0005149331
0.1655   1 0.0005149331
0.1671   1 0.0005149331
0.1728   1 0.0005149331
0.174    1 0.0005149331
0.1788   1 0.0005149331
0.1803   1 0.0005149331
0.1807   1 0.0005149331
0.1832   1 0.0005149331
0.1843   1 0.0005149331
0.1921   1 0.0005149331
0.1924   1 0.0005149331
0.1947   1 0.0005149331
0.1993   1 0.0005149331
0.2      1 0.0005149331
0.2035   1 0.0005149331
0.2069   1 0.0005149331
0.2121   1 0.0005149331
0.2139   1 0.0005149331
0.2157   1 0.0005149331
0.216    1 0.0005149331
0.2161   1 0.0005149331
0.2243   1 0.0005149331
0.2254   1 0.0005149331
0.2284   1 0.0005149331
0.2289   1 0.0005149331
0.2299   1 0.0005149331
0.2304   1 0.0005149331
0.2328   1 0.0005149331
0.2335   1 0.0005149331
0.238    1 0.0005149331
0.2423   1 0.0005149331
0.2424   1 0.0005149331
0.246    1 0.0005149331
0.2472   1 0.0005149331
0.2482   1 0.0005149331
0.2501   1 0.0005149331
0.2538   1 0.0005149331
0.2555   1 0.0005149331
0.2557   1 0.0005149331
0.2656   1 0.0005149331
0.266    1 0.0005149331
0.2668   1 0.0005149331
0.2677   1 0.0005149331
0.2699   1 0.0005149331
0.2711   1 0.0005149331
0.272    1 0.0005149331
0.2724   1 0.0005149331
0.2727   1 0.0005149331
0.2742   1 0.0005149331
0.2777   1 0.0005149331
0.2794   1 0.0005149331
0.2805   1 0.0005149331
0.2824   1 0.0005149331
0.2833   1 0.0005149331
0.2865   1 0.0005149331
0.2871   1 0.0005149331
0.2881   1 0.0005149331
0.289    1 0.0005149331
0.2894   1 0.0005149331
0.2901   1 0.0005149331
0.2917   1 0.0005149331
0.2933   1 0.0005149331
0.2935   1 0.0005149331
0.2943   1 0.0005149331
0.2952   1 0.0005149331
0.2955   1 0.0005149331
0.2966   2 0.0010298661
0.2976   1 0.0005149331
0.303    1 0.0005149331
0.3031   1 0.0005149331
0.3038   2 0.0010298661
0.3055   1 0.0005149331
0.3069   1 0.0005149331
0.3109   1 0.0005149331
0.3124   1 0.0005149331
0.3134   1 0.0005149331
0.3137   1 0.0005149331
0.3169   1 0.0005149331
0.3182   1 0.0005149331
0.3186   1 0.0005149331
0.3192   1 0.0005149331
0.3199   1 0.0005149331
0.3217   1 0.0005149331
0.3237   1 0.0005149331
0.3241   1 0.0005149331
0.3256   1 0.0005149331
0.3258   1 0.0005149331
0.3278   1 0.0005149331
0.3281   1 0.0005149331
0.3288   1 0.0005149331
0.3289   1 0.0005149331
0.3297   1 0.0005149331
0.33     1 0.0005149331
0.3333   1 0.0005149331
0.3336   1 0.0005149331
0.3343   1 0.0005149331
0.3354   1 0.0005149331
0.3374   2 0.0010298661
0.3397   1 0.0005149331
0.3398   1 0.0005149331
0.3404   1 0.0005149331
0.3443   1 0.0005149331
0.3449   1 0.0005149331
0.3454   1 0.0005149331
0.346    1 0.0005149331
0.3463   1 0.0005149331
0.3478   1 0.0005149331
0.3486   1 0.0005149331
0.3504   1 0.0005149331
0.3505   1 0.0005149331
0.3516   1 0.0005149331
0.3532   1 0.0005149331
0.3535   1 0.0005149331
0.3571   1 0.0005149331
0.3593   1 0.0005149331
0.36     1 0.0005149331
0.3604   1 0.0005149331
0.3607   1 0.0005149331
0.3623   1 0.0005149331
0.3626   1 0.0005149331
0.3632   1 0.0005149331
0.3641   1 0.0005149331
0.3644   1 0.0005149331
0.3648   1 0.0005149331
0.3655   1 0.0005149331
0.3672   1 0.0005149331
0.3673   1 0.0005149331
0.3695   1 0.0005149331
0.3733   1 0.0005149331
0.374    2 0.0010298661
0.3741   1 0.0005149331
0.3759   1 0.0005149331
0.3775   1 0.0005149331
0.3778   1 0.0005149331
0.378    1 0.0005149331
0.3785   2 0.0010298661
0.3807   1 0.0005149331
0.3815   1 0.0005149331
0.3822   1 0.0005149331
0.3845   1 0.0005149331
0.3853   1 0.0005149331
0.3866   1 0.0005149331
0.3874   1 0.0005149331
0.3885   1 0.0005149331
0.3902   1 0.0005149331
0.3909   1 0.0005149331
0.3911   1 0.0005149331
0.3918   1 0.0005149331
0.3924   1 0.0005149331
0.3931   1 0.0005149331
0.3932   1 0.0005149331
0.3935   1 0.0005149331
0.3947   1 0.0005149331
0.3959   1 0.0005149331
0.3964   1 0.0005149331
0.397    1 0.0005149331
0.3978   1 0.0005149331
0.3981   1 0.0005149331
0.3987   1 0.0005149331
0.4004   1 0.0005149331
0.4006   1 0.0005149331
0.4014   1 0.0005149331
0.4018   1 0.0005149331
0.4027   1 0.0005149331
0.4028   1 0.0005149331
0.403    1 0.0005149331
0.4045   1 0.0005149331
0.4046   1 0.0005149331
0.4049   2 0.0010298661
0.4063   1 0.0005149331
0.4071   2 0.0010298661
0.4072   1 0.0005149331
0.4076   1 0.0005149331
0.4086   1 0.0005149331
0.4095   1 0.0005149331
0.4113   1 0.0005149331
0.412    1 0.0005149331
0.4127   1 0.0005149331
0.4136   1 0.0005149331
0.4145   1 0.0005149331
0.415    1 0.0005149331
0.4154   2 0.0010298661
0.4167   1 0.0005149331
0.4168   1 0.0005149331
0.417    1 0.0005149331
0.4187   1 0.0005149331
0.419    1 0.0005149331
0.4208   1 0.0005149331
0.421    1 0.0005149331
0.4211   1 0.0005149331
0.422    1 0.0005149331
0.4226   1 0.0005149331
0.4227   1 0.0005149331
0.4246   1 0.0005149331
0.4256   1 0.0005149331
0.4259   1 0.0005149331
0.4262   1 0.0005149331
0.4263   1 0.0005149331
0.4265   2 0.0010298661
0.4269   1 0.0005149331
0.4292   1 0.0005149331
0.4301   1 0.0005149331
0.4315   1 0.0005149331
0.4319   1 0.0005149331
0.4321   1 0.0005149331
0.4322   1 0.0005149331
0.4325   2 0.0010298661
0.4335   1 0.0005149331
0.4338   1 0.0005149331
0.4343   1 0.0005149331
0.4354   2 0.0010298661
0.4358   1 0.0005149331
0.4359   1 0.0005149331
0.4366   1 0.0005149331
0.4367   1 0.0005149331
0.4372   1 0.0005149331
0.4377   1 0.0005149331
0.4389   1 0.0005149331
0.4399   1 0.0005149331
0.4403   1 0.0005149331
0.441    1 0.0005149331
0.442    1 0.0005149331
0.4438   1 0.0005149331
0.4441   1 0.0005149331
0.4444   2 0.0010298661
0.4449   1 0.0005149331
0.4455   1 0.0005149331
0.4457   1 0.0005149331
0.4458   2 0.0010298661
0.4467   1 0.0005149331
0.4468   1 0.0005149331
0.4471   2 0.0010298661
0.4474   1 0.0005149331
0.4487   1 0.0005149331
0.45     1 0.0005149331
0.4504   1 0.0005149331
0.4506   1 0.0005149331
0.451    1 0.0005149331
0.4518   1 0.0005149331
0.4522   1 0.0005149331
0.4524   2 0.0010298661
0.4539   1 0.0005149331
0.4549   1 0.0005149331
0.455    1 0.0005149331
0.4551   1 0.0005149331
0.4562   2 0.0010298661
0.4563   1 0.0005149331
0.4579   1 0.0005149331
0.458    1 0.0005149331
0.4589   1 0.0005149331
0.459    1 0.0005149331
0.4599   3 0.0015447992
0.4604   1 0.0005149331
0.4611   1 0.0005149331
0.4613   1 0.0005149331
0.4614   2 0.0010298661
0.4623   1 0.0005149331
0.4624   1 0.0005149331
0.463    1 0.0005149331
0.4631   1 0.0005149331
0.4647   1 0.0005149331
0.4656   2 0.0010298661
0.4666   1 0.0005149331
0.4669   1 0.0005149331
0.4671   1 0.0005149331
0.4672   1 0.0005149331
0.4675   2 0.0010298661
0.4676   1 0.0005149331
0.4688   1 0.0005149331
0.4691   1 0.0005149331
0.4694   1 0.0005149331
0.4695   1 0.0005149331
0.47     3 0.0015447992
0.4701   1 0.0005149331
0.4709   1 0.0005149331
0.4712   1 0.0005149331
0.4713   1 0.0005149331
0.4726   1 0.0005149331
0.4727   1 0.0005149331
0.4743   2 0.0010298661
0.4746   1 0.0005149331
0.4747   1 0.0005149331
0.4785   1 0.0005149331
0.4786   1 0.0005149331
0.4794   1 0.0005149331
0.4796   1 0.0005149331
0.4798   1 0.0005149331
0.48     2 0.0010298661
0.4813   1 0.0005149331
0.4819   1 0.0005149331
0.4824   1 0.0005149331
0.4826   1 0.0005149331
0.483    1 0.0005149331
0.4831   1 0.0005149331
0.4842   2 0.0010298661
0.4843   1 0.0005149331
0.4847   1 0.0005149331
0.4855   1 0.0005149331
0.4856   1 0.0005149331
0.4863   2 0.0010298661
0.4867   1 0.0005149331
0.487    1 0.0005149331
0.4871   1 0.0005149331
0.4881   1 0.0005149331
0.4892   1 0.0005149331
0.4906   1 0.0005149331
0.4908   2 0.0010298661
0.4911   1 0.0005149331
0.4912   1 0.0005149331
0.4915   2 0.0010298661
0.4918   1 0.0005149331
0.4925   1 0.0005149331
0.4938   1 0.0005149331
0.4943   1 0.0005149331
0.4946   1 0.0005149331
0.4951   2 0.0010298661
0.4954   1 0.0005149331
0.496    1 0.0005149331
0.4993   1 0.0005149331
0.4995   1 0.0005149331
0.5      5 0.0025746653
0.5001   1 0.0005149331
0.5011   1 0.0005149331
0.5016   1 0.0005149331
0.5018   1 0.0005149331
0.5019   1 0.0005149331
0.5021   2 0.0010298661
0.5026   1 0.0005149331
0.5029   1 0.0005149331
0.5036   1 0.0005149331
0.5038   1 0.0005149331
0.5056   1 0.0005149331
0.5065   1 0.0005149331
0.5068   1 0.0005149331
0.5071   1 0.0005149331
0.5086   1 0.0005149331
0.5087   2 0.0010298661
0.509    1 0.0005149331
0.5094   1 0.0005149331
0.5098   1 0.0005149331
0.5102   1 0.0005149331
0.5103   1 0.0005149331
0.5104   2 0.0010298661
0.5106   1 0.0005149331
0.5116   1 0.0005149331
0.5118   1 0.0005149331
0.5122   1 0.0005149331
0.513    1 0.0005149331
0.5131   1 0.0005149331
0.5133   1 0.0005149331
0.5134   4 0.0020597322
0.5138   1 0.0005149331
0.5142   1 0.0005149331
0.515    1 0.0005149331
0.5161   1 0.0005149331
0.5163   1 0.0005149331
0.5168   1 0.0005149331
0.5169   1 0.0005149331
0.5174   1 0.0005149331
0.5175   1 0.0005149331
0.5183   1 0.0005149331
0.5186   1 0.0005149331
0.5187   1 0.0005149331
0.519    1 0.0005149331
0.5191   1 0.0005149331
0.5196   1 0.0005149331
0.5198   1 0.0005149331
0.5201   2 0.0010298661
0.5202   1 0.0005149331
0.5206   1 0.0005149331
0.5207   1 0.0005149331
0.5213   1 0.0005149331
0.5214   1 0.0005149331
0.522    1 0.0005149331
0.5222   1 0.0005149331
0.5225   1 0.0005149331
0.5233   1 0.0005149331
0.5234   1 0.0005149331
0.5243   1 0.0005149331
0.5244   1 0.0005149331
0.5255   1 0.0005149331
0.5258   1 0.0005149331
0.5259   1 0.0005149331
0.5261   1 0.0005149331
0.5262   1 0.0005149331
0.5263   1 0.0005149331
0.5266   1 0.0005149331
0.5273   1 0.0005149331
0.5274   1 0.0005149331
0.5292   1 0.0005149331
0.5294   1 0.0005149331
0.5301   1 0.0005149331
0.5304   1 0.0005149331
0.5305   1 0.0005149331
0.5306   1 0.0005149331
0.5308   1 0.0005149331
0.5313   1 0.0005149331
0.5314   3 0.0015447992
0.5317   1 0.0005149331
0.5321   1 0.0005149331
0.5331   2 0.0010298661
0.5355   1 0.0005149331
0.5356   1 0.0005149331
0.5364   2 0.0010298661
0.5365   1 0.0005149331
0.5366   1 0.0005149331
0.5368   1 0.0005149331
0.537    1 0.0005149331
0.5373   1 0.0005149331
0.5374   1 0.0005149331
0.5375   1 0.0005149331
0.5376   1 0.0005149331
0.5377   1 0.0005149331
0.5382   1 0.0005149331
0.5383   1 0.0005149331
0.5385   1 0.0005149331
0.5388   1 0.0005149331
0.5396   3 0.0015447992
0.5398   1 0.0005149331
0.5401   1 0.0005149331
0.5404   1 0.0005149331
0.5411   1 0.0005149331
0.5412   1 0.0005149331
0.5417   1 0.0005149331
0.5429   1 0.0005149331
0.5432   1 0.0005149331
0.5433   2 0.0010298661
0.5434   2 0.0010298661
0.5436   1 0.0005149331
0.5437   1 0.0005149331
0.5438   1 0.0005149331
0.5444   2 0.0010298661
0.5452   1 0.0005149331
0.5457   1 0.0005149331
0.5462   1 0.0005149331
0.5463   1 0.0005149331
0.5471   1 0.0005149331
0.5477   1 0.0005149331
0.5482   1 0.0005149331
0.5483   1 0.0005149331
0.5486   1 0.0005149331
0.5487   1 0.0005149331
0.5491   2 0.0010298661
0.5492   1 0.0005149331
0.5509   1 0.0005149331
0.5514   1 0.0005149331
0.552    1 0.0005149331
0.5521   1 0.0005149331
0.5528   2 0.0010298661
0.5539   1 0.0005149331
0.5545   1 0.0005149331
0.5546   1 0.0005149331
0.5549   1 0.0005149331
0.5553   1 0.0005149331
0.5555   1 0.0005149331
0.5556   3 0.0015447992
0.5563   1 0.0005149331
0.5567   1 0.0005149331
0.557    1 0.0005149331
0.5574   1 0.0005149331
0.5577   2 0.0010298661
0.5579   1 0.0005149331
0.5582   1 0.0005149331
0.5594   2 0.0010298661
0.5595   2 0.0010298661
0.56     1 0.0005149331
0.5607   1 0.0005149331
0.5616   1 0.0005149331
0.5617   1 0.0005149331
0.562    1 0.0005149331
0.5621   1 0.0005149331
0.5625   1 0.0005149331
0.5626   1 0.0005149331
0.5637   1 0.0005149331
0.5638   1 0.0005149331
0.5641   1 0.0005149331
0.5643   1 0.0005149331
0.5645   1 0.0005149331
0.5646   2 0.0010298661
0.5648   1 0.0005149331
0.5649   1 0.0005149331
0.565    1 0.0005149331
0.5661   1 0.0005149331
0.5664   1 0.0005149331
0.5665   1 0.0005149331
0.5683   1 0.0005149331
0.5686   1 0.0005149331
0.5692   1 0.0005149331
0.5694   1 0.0005149331
0.5695   1 0.0005149331
0.5706   1 0.0005149331
0.571    1 0.0005149331
0.5714   1 0.0005149331
0.5732   1 0.0005149331
0.5733   1 0.0005149331
0.5734   1 0.0005149331
0.5741   1 0.0005149331
0.5743   1 0.0005149331
0.5745   1 0.0005149331
0.575    1 0.0005149331
0.5752   1 0.0005149331
0.5757   1 0.0005149331
0.5763   1 0.0005149331
0.5776   2 0.0010298661
0.5778   1 0.0005149331
0.5779   1 0.0005149331
0.5781   1 0.0005149331
0.5785   1 0.0005149331
0.5786   1 0.0005149331
0.5794   1 0.0005149331
0.5802   1 0.0005149331
0.5806   1 0.0005149331
0.5809   1 0.0005149331
0.5813   1 0.0005149331
0.5814   1 0.0005149331
0.5819   2 0.0010298661
0.582    1 0.0005149331
0.5827   1 0.0005149331
0.5828   2 0.0010298661
0.5833   1 0.0005149331
0.5836   1 0.0005149331
0.5844   1 0.0005149331
0.5846   1 0.0005149331
0.5847   1 0.0005149331
0.5849   1 0.0005149331
0.5853   1 0.0005149331
0.5854   1 0.0005149331
0.5863   1 0.0005149331
0.5869   1 0.0005149331
0.5874   1 0.0005149331
0.5877   2 0.0010298661
0.588    1 0.0005149331
0.5882   1 0.0005149331
0.5883   1 0.0005149331
0.5885   2 0.0010298661
0.5888   1 0.0005149331
0.5889   1 0.0005149331
0.5896   1 0.0005149331
0.5901   1 0.0005149331
0.5902   1 0.0005149331
0.5905   1 0.0005149331
0.5908   1 0.0005149331
0.5909   2 0.0010298661
0.5914   1 0.0005149331
0.5919   1 0.0005149331
0.5921   1 0.0005149331
0.5922   1 0.0005149331
0.5923   1 0.0005149331
0.5924   1 0.0005149331
0.5933   1 0.0005149331
0.5942   1 0.0005149331
0.5952   1 0.0005149331
0.5954   1 0.0005149331
0.5956   1 0.0005149331
0.5957   1 0.0005149331
0.5959   1 0.0005149331
0.596    1 0.0005149331
0.5962   1 0.0005149331
0.5965   1 0.0005149331
0.5966   1 0.0005149331
0.5972   1 0.0005149331
0.5977   1 0.0005149331
0.5978   1 0.0005149331
0.5979   1 0.0005149331
0.5985   1 0.0005149331
0.6      2 0.0010298661
0.6006   1 0.0005149331
0.6012   1 0.0005149331
0.6013   1 0.0005149331
0.6018   1 0.0005149331
0.6022   1 0.0005149331
0.6025   1 0.0005149331
0.6035   2 0.0010298661
0.6036   1 0.0005149331
0.6038   1 0.0005149331
0.6041   1 0.0005149331
0.6043   1 0.0005149331
0.6046   1 0.0005149331
0.6047   1 0.0005149331
0.6049   1 0.0005149331
0.6054   2 0.0010298661
0.6058   1 0.0005149331
0.606    1 0.0005149331
0.6065   1 0.0005149331
0.6066   2 0.0010298661
0.6068   1 0.0005149331
0.6074   1 0.0005149331
0.6076   1 0.0005149331
0.6081   1 0.0005149331
0.6085   1 0.0005149331
0.6086   1 0.0005149331
0.6089   2 0.0010298661
0.6092   1 0.0005149331
0.6101   1 0.0005149331
0.6103   1 0.0005149331
0.6104   3 0.0015447992
0.6105   1 0.0005149331
0.6106   1 0.0005149331
0.6108   1 0.0005149331
0.6111   1 0.0005149331
0.6123   1 0.0005149331
0.6126   2 0.0010298661
0.6128   1 0.0005149331
0.6133   1 0.0005149331
0.6135   1 0.0005149331
0.6138   1 0.0005149331
0.6139   2 0.0010298661
0.6141   1 0.0005149331
0.6144   1 0.0005149331
0.6145   1 0.0005149331
0.6147   1 0.0005149331
0.6148   2 0.0010298661
0.6149   1 0.0005149331
0.615    1 0.0005149331
0.6152   1 0.0005149331
0.6153   2 0.0010298661
0.6154   1 0.0005149331
0.6155   1 0.0005149331
0.6167   2 0.0010298661
0.6176   1 0.0005149331
0.6178   2 0.0010298661
0.6179   1 0.0005149331
0.6192   1 0.0005149331
0.6193   1 0.0005149331
0.6194   1 0.0005149331
0.6197   2 0.0010298661
0.6203   1 0.0005149331
0.6205   1 0.0005149331
0.6207   1 0.0005149331
0.6208   1 0.0005149331
0.6213   1 0.0005149331
0.6214   1 0.0005149331
0.6215   2 0.0010298661
0.6218   1 0.0005149331
0.6222   1 0.0005149331
0.6225   1 0.0005149331
0.6228   1 0.0005149331
0.6229   1 0.0005149331
0.6231   1 0.0005149331
0.6232   1 0.0005149331
0.6233   2 0.0010298661
0.6236   1 0.0005149331
0.6238   1 0.0005149331
0.624    1 0.0005149331
0.6242   1 0.0005149331
0.6249   1 0.0005149331
0.625    2 0.0010298661
0.6255   1 0.0005149331
0.6256   1 0.0005149331
0.6259   1 0.0005149331
0.626    1 0.0005149331
0.6262   1 0.0005149331
0.6265   1 0.0005149331
0.6272   1 0.0005149331
0.6276   1 0.0005149331
0.6281   1 0.0005149331
0.6282   2 0.0010298661
0.6283   1 0.0005149331
0.6284   1 0.0005149331
0.6289   2 0.0010298661
0.629    1 0.0005149331
0.6291   1 0.0005149331
0.6293   1 0.0005149331
0.6296   1 0.0005149331
0.6301   1 0.0005149331
0.6303   1 0.0005149331
0.6306   1 0.0005149331
0.6309   1 0.0005149331
0.6312   1 0.0005149331
0.6315   3 0.0015447992
0.6318   1 0.0005149331
0.6319   1 0.0005149331
0.6323   1 0.0005149331
0.6324   2 0.0010298661
0.6327   1 0.0005149331
0.6328   1 0.0005149331
0.633    1 0.0005149331
0.6333   1 0.0005149331
0.6334   2 0.0010298661
0.634    1 0.0005149331
0.6343   1 0.0005149331
0.6347   1 0.0005149331
0.6348   1 0.0005149331
0.6351   1 0.0005149331
0.6352   1 0.0005149331
0.6355   2 0.0010298661
0.6357   1 0.0005149331
0.6359   1 0.0005149331
0.6364   1 0.0005149331
0.6366   1 0.0005149331
0.6367   1 0.0005149331
0.6368   1 0.0005149331
0.6375   1 0.0005149331
0.6387   2 0.0010298661
0.639    2 0.0010298661
0.6391   1 0.0005149331
0.6393   1 0.0005149331
0.6396   1 0.0005149331
0.64     1 0.0005149331
0.6409   1 0.0005149331
0.641    1 0.0005149331
0.6413   2 0.0010298661
0.6415   1 0.0005149331
0.6416   1 0.0005149331
0.6417   1 0.0005149331
0.6418   2 0.0010298661
0.6419   1 0.0005149331
0.642    1 0.0005149331
0.6422   1 0.0005149331
0.6429   1 0.0005149331
0.643    1 0.0005149331
0.6431   2 0.0010298661
0.6434   2 0.0010298661
0.6437   1 0.0005149331
0.6438   1 0.0005149331
0.644    1 0.0005149331
0.6443   1 0.0005149331
0.6444   1 0.0005149331
0.6451   1 0.0005149331
0.6453   1 0.0005149331
0.6455   1 0.0005149331
0.6458   2 0.0010298661
0.6459   1 0.0005149331
0.646    1 0.0005149331
0.6462   1 0.0005149331
0.6463   1 0.0005149331
0.6464   1 0.0005149331
0.6465   1 0.0005149331
0.6468   1 0.0005149331
0.6475   1 0.0005149331
0.6481   1 0.0005149331
0.6482   2 0.0010298661
0.6484   1 0.0005149331
0.6486   1 0.0005149331
0.6487   1 0.0005149331
0.6488   1 0.0005149331
0.6489   2 0.0010298661
0.6491   1 0.0005149331
0.6494   1 0.0005149331
0.6498   1 0.0005149331
0.6499   1 0.0005149331
0.6501   2 0.0010298661
0.6502   1 0.0005149331
0.6505   2 0.0010298661
0.6512   1 0.0005149331
0.6516   1 0.0005149331
0.6519   1 0.0005149331
0.652    1 0.0005149331
0.6522   2 0.0010298661
0.6529   1 0.0005149331
0.653    1 0.0005149331
0.6532   1 0.0005149331
0.654    1 0.0005149331
0.6545   1 0.0005149331
0.6547   1 0.0005149331
0.6549   1 0.0005149331
0.6558   1 0.0005149331
0.656    1 0.0005149331
0.6563   1 0.0005149331
0.6566   1 0.0005149331
0.6575   2 0.0010298661
0.6576   1 0.0005149331
0.6578   1 0.0005149331
0.658    1 0.0005149331
0.6582   1 0.0005149331
0.6588   1 0.0005149331
0.6589   2 0.0010298661
0.659    1 0.0005149331
0.6597   1 0.0005149331
0.6598   1 0.0005149331
0.6599   1 0.0005149331
0.6604   1 0.0005149331
0.6605   1 0.0005149331
0.6606   1 0.0005149331
0.6607   1 0.0005149331
0.6611   1 0.0005149331
0.6612   1 0.0005149331
0.6613   2 0.0010298661
0.6615   1 0.0005149331
0.6621   2 0.0010298661
0.6622   1 0.0005149331
0.6623   1 0.0005149331
0.6627   1 0.0005149331
0.6628   1 0.0005149331
0.6629   1 0.0005149331
0.663    2 0.0010298661
0.6632   1 0.0005149331
0.6636   1 0.0005149331
0.6637   3 0.0015447992
0.6638   1 0.0005149331
0.664    1 0.0005149331
0.6641   1 0.0005149331
0.6644   1 0.0005149331
0.6645   1 0.0005149331
0.6646   1 0.0005149331
0.6647   2 0.0010298661
0.6652   1 0.0005149331
0.6654   2 0.0010298661
0.6659   1 0.0005149331
0.6661   1 0.0005149331
0.6665   1 0.0005149331
0.6669   1 0.0005149331
0.6672   1 0.0005149331
0.6674   1 0.0005149331
0.6678   1 0.0005149331
0.6682   1 0.0005149331
0.6687   2 0.0010298661
0.6688   2 0.0010298661
0.6694   1 0.0005149331
0.6695   1 0.0005149331
0.6701   1 0.0005149331
0.6702   1 0.0005149331
0.6706   1 0.0005149331
0.6707   2 0.0010298661
0.6708   2 0.0010298661
0.671    2 0.0010298661
0.6711   1 0.0005149331
0.6713   1 0.0005149331
0.6714   1 0.0005149331
0.6717   1 0.0005149331
0.672    1 0.0005149331
0.6723   1 0.0005149331
0.6726   1 0.0005149331
0.6729   2 0.0010298661
0.6732   2 0.0010298661
0.6737   1 0.0005149331
0.6741   1 0.0005149331
0.6745   1 0.0005149331
0.6747   1 0.0005149331
0.6752   1 0.0005149331
0.6754   1 0.0005149331
0.6756   1 0.0005149331
0.6759   1 0.0005149331
0.676    1 0.0005149331
0.6762   1 0.0005149331
0.6764   1 0.0005149331
0.6765   2 0.0010298661
0.6768   1 0.0005149331
0.677    1 0.0005149331
0.6777   1 0.0005149331
0.6782   1 0.0005149331
0.6791   1 0.0005149331
0.6804   2 0.0010298661
0.6812   1 0.0005149331
0.6814   1 0.0005149331
0.6816   2 0.0010298661
0.6829   1 0.0005149331
0.6832   1 0.0005149331
0.6833   1 0.0005149331
0.6836   1 0.0005149331
0.6838   1 0.0005149331
0.684    2 0.0010298661
0.6846   1 0.0005149331
0.6852   2 0.0010298661
0.6857   1 0.0005149331
0.686    1 0.0005149331
0.6862   1 0.0005149331
0.6863   1 0.0005149331
0.6865   1 0.0005149331
0.6866   1 0.0005149331
0.6867   1 0.0005149331
0.6868   1 0.0005149331
0.687    2 0.0010298661
0.6871   2 0.0010298661
0.6884   2 0.0010298661
0.6889   1 0.0005149331
0.6893   1 0.0005149331
0.6895   1 0.0005149331
0.6896   1 0.0005149331
0.6901   1 0.0005149331
0.6902   1 0.0005149331
0.6903   2 0.0010298661
0.6904   1 0.0005149331
0.6909   1 0.0005149331
0.691    1 0.0005149331
0.6914   1 0.0005149331
0.6916   1 0.0005149331
0.6918   1 0.0005149331
0.6922   1 0.0005149331
0.6923   1 0.0005149331
0.6928   2 0.0010298661
0.6929   1 0.0005149331
0.6934   1 0.0005149331
0.6935   2 0.0010298661
0.694    2 0.0010298661
0.6942   1 0.0005149331
0.6943   1 0.0005149331
0.6944   1 0.0005149331
0.6947   1 0.0005149331
0.6949   1 0.0005149331
0.695    1 0.0005149331
0.6953   1 0.0005149331
0.6959   1 0.0005149331
0.696    1 0.0005149331
0.6961   1 0.0005149331
0.6964   1 0.0005149331
0.6965   1 0.0005149331
0.6968   4 0.0020597322
0.6974   1 0.0005149331
0.6975   1 0.0005149331
0.6978   1 0.0005149331
0.698    1 0.0005149331
0.6983   2 0.0010298661
0.6984   1 0.0005149331
0.6985   1 0.0005149331
0.6992   1 0.0005149331
0.6994   1 0.0005149331
0.6995   1 0.0005149331
0.6998   2 0.0010298661
0.6999   1 0.0005149331
0.7002   2 0.0010298661
0.7005   1 0.0005149331
0.701    1 0.0005149331
0.7011   1 0.0005149331
0.7016   1 0.0005149331
0.702    1 0.0005149331
0.7021   1 0.0005149331
0.7029   1 0.0005149331
0.7033   1 0.0005149331
0.7037   1 0.0005149331
0.7038   2 0.0010298661
0.7041   1 0.0005149331
0.7042   1 0.0005149331
0.7046   1 0.0005149331
0.705    1 0.0005149331
0.7056   2 0.0010298661
0.706    1 0.0005149331
0.7069   2 0.0010298661
0.7071   1 0.0005149331
0.7073   1 0.0005149331
0.7078   1 0.0005149331
0.7079   2 0.0010298661
0.7081   2 0.0010298661
0.7083   1 0.0005149331
0.709    1 0.0005149331
0.7094   2 0.0010298661
0.7097   1 0.0005149331
0.7099   1 0.0005149331
0.7106   2 0.0010298661
0.7109   1 0.0005149331
0.711    1 0.0005149331
0.7111   1 0.0005149331
0.7113   1 0.0005149331
0.7116   2 0.0010298661
0.712    2 0.0010298661
0.7122   1 0.0005149331
0.7127   2 0.0010298661
0.7129   1 0.0005149331
0.7134   1 0.0005149331
0.7139   2 0.0010298661
0.7143   2 0.0010298661
0.7147   2 0.0010298661
0.7156   1 0.0005149331
0.7157   2 0.0010298661
0.7166   1 0.0005149331
0.7175   2 0.0010298661
0.7186   2 0.0010298661
0.719    1 0.0005149331
0.7191   1 0.0005149331
0.7192   1 0.0005149331
0.7203   1 0.0005149331
0.7213   1 0.0005149331
0.7214   2 0.0010298661
0.7215   2 0.0010298661
0.7217   1 0.0005149331
0.722    1 0.0005149331
0.7223   1 0.0005149331
0.7224   1 0.0005149331
0.7225   1 0.0005149331
0.7227   1 0.0005149331
0.7229   1 0.0005149331
0.7232   1 0.0005149331
0.7233   1 0.0005149331
0.7234   1 0.0005149331
0.7235   1 0.0005149331
0.7238   1 0.0005149331
0.7241   1 0.0005149331
0.7245   1 0.0005149331
0.7249   1 0.0005149331
0.7253   1 0.0005149331
0.7255   1 0.0005149331
0.7262   1 0.0005149331
0.7264   1 0.0005149331
0.7265   1 0.0005149331
0.7266   2 0.0010298661
0.7271   2 0.0010298661
0.7274   1 0.0005149331
0.7276   1 0.0005149331
0.728    1 0.0005149331
0.7289   1 0.0005149331
0.729    1 0.0005149331
0.7291   1 0.0005149331
0.7296   1 0.0005149331
0.7298   1 0.0005149331
0.7301   1 0.0005149331
0.7302   1 0.0005149331
0.731    1 0.0005149331
0.7319   1 0.0005149331
0.7321   1 0.0005149331
0.7323   1 0.0005149331
0.7325   1 0.0005149331
0.7326   1 0.0005149331
0.7329   1 0.0005149331
0.7333   1 0.0005149331
0.7334   2 0.0010298661
0.7337   1 0.0005149331
0.734    1 0.0005149331
0.7342   1 0.0005149331
0.7345   1 0.0005149331
0.7348   2 0.0010298661
0.7351   1 0.0005149331
0.7353   2 0.0010298661
0.7355   2 0.0010298661
0.7357   2 0.0010298661
0.7361   3 0.0015447992
0.7365   1 0.0005149331
0.7368   1 0.0005149331
0.7369   1 0.0005149331
0.737    1 0.0005149331
0.7379   1 0.0005149331
0.7381   1 0.0005149331
0.7387   1 0.0005149331
0.7388   2 0.0010298661
0.739    1 0.0005149331
0.7394   1 0.0005149331
0.7395   2 0.0010298661
0.7397   1 0.0005149331
0.7398   1 0.0005149331
0.7399   1 0.0005149331
0.7403   1 0.0005149331
0.7405   1 0.0005149331
0.7407   1 0.0005149331
0.7408   1 0.0005149331
0.741    1 0.0005149331
0.7424   1 0.0005149331
0.7431   1 0.0005149331
0.7436   1 0.0005149331
0.7439   1 0.0005149331
0.7441   2 0.0010298661
0.7442   1 0.0005149331
0.7444   1 0.0005149331
0.7449   1 0.0005149331
0.7451   1 0.0005149331
0.7456   1 0.0005149331
0.7457   1 0.0005149331
0.7458   1 0.0005149331
0.7461   1 0.0005149331
0.7462   2 0.0010298661
0.7465   1 0.0005149331
0.7466   1 0.0005149331
0.7468   1 0.0005149331
0.7471   2 0.0010298661
0.7474   1 0.0005149331
0.7478   1 0.0005149331
0.748    1 0.0005149331
0.7486   1 0.0005149331
0.7492   2 0.0010298661
0.7493   1 0.0005149331
0.7498   1 0.0005149331
0.75     2 0.0010298661
0.7504   1 0.0005149331
0.7514   1 0.0005149331
0.7525   1 0.0005149331
0.7526   1 0.0005149331
0.7534   1 0.0005149331
0.7538   1 0.0005149331
0.7542   1 0.0005149331
0.7545   1 0.0005149331
0.7546   1 0.0005149331
0.7549   1 0.0005149331
0.7551   1 0.0005149331
0.7553   1 0.0005149331
0.7555   1 0.0005149331
0.7559   1 0.0005149331
0.756    1 0.0005149331
0.7561   1 0.0005149331
0.7562   1 0.0005149331
0.7563   2 0.0010298661
0.7565   1 0.0005149331
0.757    1 0.0005149331
0.7579   1 0.0005149331
0.7584   1 0.0005149331
0.7585   1 0.0005149331
0.7586   1 0.0005149331
0.7589   2 0.0010298661
0.7596   1 0.0005149331
0.7597   1 0.0005149331
0.76     3 0.0015447992
0.7601   1 0.0005149331
0.7603   2 0.0010298661
0.7607   1 0.0005149331
0.7609   2 0.0010298661
0.7613   1 0.0005149331
0.7618   1 0.0005149331
0.762    1 0.0005149331
0.7623   1 0.0005149331
0.763    1 0.0005149331
0.7632   1 0.0005149331
0.7634   1 0.0005149331
0.7636   1 0.0005149331
0.7637   1 0.0005149331
0.7639   1 0.0005149331
0.7641   1 0.0005149331
0.7645   1 0.0005149331
0.7646   1 0.0005149331
0.7647   1 0.0005149331
0.7648   1 0.0005149331
0.7649   1 0.0005149331
0.7654   2 0.0010298661
0.766    1 0.0005149331
0.7662   1 0.0005149331
0.7663   1 0.0005149331
0.7665   1 0.0005149331
0.7666   1 0.0005149331
0.767    1 0.0005149331
0.7673   2 0.0010298661
0.7674   1 0.0005149331
0.7683   2 0.0010298661
0.7689   1 0.0005149331
0.7698   1 0.0005149331
0.7699   1 0.0005149331
0.7701   1 0.0005149331
0.7702   1 0.0005149331
0.7705   1 0.0005149331
0.7713   1 0.0005149331
0.7716   1 0.0005149331
0.772    1 0.0005149331
0.7723   2 0.0010298661
0.7727   1 0.0005149331
0.7728   1 0.0005149331
0.7741   1 0.0005149331
0.7742   1 0.0005149331
0.7748   1 0.0005149331
0.7751   1 0.0005149331
0.7753   1 0.0005149331
0.7754   2 0.0010298661
0.7755   1 0.0005149331
0.7756   1 0.0005149331
0.7758   1 0.0005149331
0.7761   1 0.0005149331
0.7763   1 0.0005149331
0.7765   1 0.0005149331
0.7766   3 0.0015447992
0.7767   1 0.0005149331
0.7769   1 0.0005149331
0.777    1 0.0005149331
0.7771   1 0.0005149331
0.7772   1 0.0005149331
0.7776   1 0.0005149331
0.7791   1 0.0005149331
0.7792   1 0.0005149331
0.7794   1 0.0005149331
0.7798   1 0.0005149331
0.7799   1 0.0005149331
0.78     1 0.0005149331
0.7814   1 0.0005149331
0.7816   1 0.0005149331
0.7817   1 0.0005149331
0.7818   1 0.0005149331
0.782    1 0.0005149331
0.7821   1 0.0005149331
0.7825   2 0.0010298661
0.7829   1 0.0005149331
0.783    2 0.0010298661
0.7836   1 0.0005149331
0.7838   1 0.0005149331
0.7842   1 0.0005149331
0.7843   1 0.0005149331
0.7844   2 0.0010298661
0.7847   2 0.0010298661
0.7848   1 0.0005149331
0.785    2 0.0010298661
0.7852   1 0.0005149331
0.7854   1 0.0005149331
0.7859   1 0.0005149331
0.786    1 0.0005149331
0.7864   1 0.0005149331
0.7883   1 0.0005149331
0.7884   1 0.0005149331
0.7889   1 0.0005149331
0.7892   1 0.0005149331
0.7896   1 0.0005149331
0.7897   1 0.0005149331
0.7899   1 0.0005149331
0.79     1 0.0005149331
0.7901   2 0.0010298661
0.7906   1 0.0005149331
0.7907   1 0.0005149331
0.7913   3 0.0015447992
0.7914   2 0.0010298661
0.7917   1 0.0005149331
0.7918   1 0.0005149331
0.7927   1 0.0005149331
0.7929   2 0.0010298661
0.7944   1 0.0005149331
0.7949   2 0.0010298661
0.795    1 0.0005149331
0.7952   1 0.0005149331
0.7954   1 0.0005149331
0.7956   1 0.0005149331
0.7962   2 0.0010298661
0.7965   1 0.0005149331
0.7985   1 0.0005149331
0.7986   1 0.0005149331
0.7988   1 0.0005149331
0.7992   1 0.0005149331
0.7994   2 0.0010298661
0.7995   2 0.0010298661
0.7996   1 0.0005149331
0.7997   1 0.0005149331
0.8      2 0.0010298661
0.8002   1 0.0005149331
0.8003   2 0.0010298661
0.8006   1 0.0005149331
0.8009   1 0.0005149331
0.8012   2 0.0010298661
0.8013   1 0.0005149331
0.8017   1 0.0005149331
0.8025   1 0.0005149331
0.8032   1 0.0005149331
0.8035   1 0.0005149331
0.8047   1 0.0005149331
0.8053   1 0.0005149331
0.8054   2 0.0010298661
0.8057   1 0.0005149331
0.8058   1 0.0005149331
0.8061   1 0.0005149331
0.8063   1 0.0005149331
0.8064   1 0.0005149331
0.8066   1 0.0005149331
0.8078   1 0.0005149331
0.8085   1 0.0005149331
0.8087   1 0.0005149331
0.8089   1 0.0005149331
0.8095   1 0.0005149331
0.81     2 0.0010298661
0.8108   1 0.0005149331
0.811    1 0.0005149331
0.8111   1 0.0005149331
0.8113   1 0.0005149331
0.8115   2 0.0010298661
0.812    1 0.0005149331
0.8131   1 0.0005149331
0.8132   1 0.0005149331
0.8133   1 0.0005149331
0.8135   1 0.0005149331
0.8137   1 0.0005149331
0.8146   2 0.0010298661
0.8147   1 0.0005149331
0.8148   1 0.0005149331
0.8155   2 0.0010298661
0.8162   2 0.0010298661
0.8163   1 0.0005149331
0.8169   1 0.0005149331
0.8173   1 0.0005149331
0.8174   1 0.0005149331
0.8178   2 0.0010298661
0.8179   1 0.0005149331
0.8182   1 0.0005149331
0.8187   1 0.0005149331
0.8188   1 0.0005149331
0.8196   1 0.0005149331
0.8198   1 0.0005149331
0.8204   1 0.0005149331
0.8207   2 0.0010298661
0.8214   2 0.0010298661
0.8215   1 0.0005149331
0.8216   1 0.0005149331
0.8217   1 0.0005149331
0.8218   1 0.0005149331
0.8219   1 0.0005149331
0.822    1 0.0005149331
0.8222   3 0.0015447992
0.8224   1 0.0005149331
0.8225   1 0.0005149331
0.8228   1 0.0005149331
0.823    1 0.0005149331
0.8232   1 0.0005149331
0.8233   1 0.0005149331
0.8234   3 0.0015447992
0.8235   1 0.0005149331
0.8245   1 0.0005149331
0.8251   1 0.0005149331
0.8256   1 0.0005149331
0.8258   1 0.0005149331
0.8263   1 0.0005149331
0.8267   1 0.0005149331
0.8274   2 0.0010298661
0.828    2 0.0010298661
0.8281   2 0.0010298661
0.8282   1 0.0005149331
0.829    1 0.0005149331
0.8297   1 0.0005149331
0.8298   1 0.0005149331
0.8302   1 0.0005149331
0.8305   1 0.0005149331
0.831    1 0.0005149331
0.8313   1 0.0005149331
0.8315   1 0.0005149331
0.8318   2 0.0010298661
0.8323   1 0.0005149331
0.8324   1 0.0005149331
0.8326   2 0.0010298661
0.8327   1 0.0005149331
0.8328   1 0.0005149331
0.8333   4 0.0020597322
0.8337   1 0.0005149331
0.8342   1 0.0005149331
0.8343   1 0.0005149331
0.8347   1 0.0005149331
0.8348   1 0.0005149331
0.8355   2 0.0010298661
0.8357   1 0.0005149331
0.8364   1 0.0005149331
0.8366   1 0.0005149331
0.8368   1 0.0005149331
0.8369   1 0.0005149331
0.8378   1 0.0005149331
0.8383   1 0.0005149331
0.8384   1 0.0005149331
0.8394   1 0.0005149331
0.84     1 0.0005149331
0.8402   1 0.0005149331
0.8406   2 0.0010298661
0.8413   1 0.0005149331
0.8414   1 0.0005149331
0.8421   1 0.0005149331
0.8428   1 0.0005149331
0.8433   1 0.0005149331
0.8435   1 0.0005149331
0.8439   1 0.0005149331
0.8446   1 0.0005149331
0.8454   1 0.0005149331
0.8455   1 0.0005149331
0.8462   1 0.0005149331
0.8467   1 0.0005149331
0.8468   1 0.0005149331
0.8469   1 0.0005149331
0.8472   1 0.0005149331
0.8475   1 0.0005149331
0.8478   1 0.0005149331
0.8479   2 0.0010298661
0.8482   1 0.0005149331
0.849    1 0.0005149331
0.8491   1 0.0005149331
0.8493   1 0.0005149331
0.85     2 0.0010298661
0.8506   2 0.0010298661
0.8507   1 0.0005149331
0.8508   1 0.0005149331
0.851    1 0.0005149331
0.8519   1 0.0005149331
0.8522   1 0.0005149331
0.8525   1 0.0005149331
0.8527   1 0.0005149331
0.8533   1 0.0005149331
0.8535   1 0.0005149331
0.8537   1 0.0005149331
0.8538   1 0.0005149331
0.8551   1 0.0005149331
0.8552   1 0.0005149331
0.8553   1 0.0005149331
0.8555   1 0.0005149331
0.8556   1 0.0005149331
0.8558   1 0.0005149331
0.8559   1 0.0005149331
0.8562   1 0.0005149331
0.8571   5 0.0025746653
0.8581   1 0.0005149331
0.8582   1 0.0005149331
0.8583   1 0.0005149331
0.8592   1 0.0005149331
0.86     1 0.0005149331
0.8605   1 0.0005149331
0.8608   1 0.0005149331
0.8613   1 0.0005149331
0.8618   2 0.0010298661
0.862    1 0.0005149331
0.8625   1 0.0005149331
0.8628   1 0.0005149331
0.8633   2 0.0010298661
0.8643   1 0.0005149331
0.8644   1 0.0005149331
0.8649   2 0.0010298661
0.8667   2 0.0010298661
0.8668   1 0.0005149331
0.867    1 0.0005149331
0.8675   1 0.0005149331
0.8684   1 0.0005149331
0.8687   2 0.0010298661
0.8689   1 0.0005149331
0.8704   1 0.0005149331
0.8711   1 0.0005149331
0.8719   1 0.0005149331
0.8723   1 0.0005149331
0.8736   1 0.0005149331
0.8737   1 0.0005149331
0.8738   1 0.0005149331
0.8739   1 0.0005149331
0.8745   2 0.0010298661
0.8749   1 0.0005149331
0.875    1 0.0005149331
0.8751   1 0.0005149331
0.8753   1 0.0005149331
0.8761   1 0.0005149331
0.8762   1 0.0005149331
0.8765   1 0.0005149331
0.878    1 0.0005149331
0.8781   1 0.0005149331
0.8782   1 0.0005149331
0.8784   1 0.0005149331
0.8785   1 0.0005149331
0.8791   2 0.0010298661
0.8793   1 0.0005149331
0.88     1 0.0005149331
0.8808   1 0.0005149331
0.881    1 0.0005149331
0.8814   1 0.0005149331
0.882    1 0.0005149331
0.8822   1 0.0005149331
0.8824   1 0.0005149331
0.8826   1 0.0005149331
0.883    1 0.0005149331
0.8836   1 0.0005149331
0.8838   1 0.0005149331
0.8839   1 0.0005149331
0.8846   1 0.0005149331
0.8847   1 0.0005149331
0.8848   1 0.0005149331
0.885    2 0.0010298661
0.8853   1 0.0005149331
0.8856   1 0.0005149331
0.8864   1 0.0005149331
0.8869   1 0.0005149331
0.887    1 0.0005149331
0.8872   1 0.0005149331
0.8875   1 0.0005149331
0.8876   1 0.0005149331
0.8879   1 0.0005149331
0.8881   1 0.0005149331
0.8889   3 0.0015447992
0.8891   2 0.0010298661
0.8898   1 0.0005149331
0.8902   1 0.0005149331
0.8905   1 0.0005149331
0.8906   1 0.0005149331
0.8913   1 0.0005149331
0.8915   1 0.0005149331
0.8916   1 0.0005149331
0.8922   1 0.0005149331
0.8923   1 0.0005149331
0.8924   1 0.0005149331
0.8934   1 0.0005149331
0.8937   1 0.0005149331
0.8942   1 0.0005149331
0.8945   1 0.0005149331
0.8947   1 0.0005149331
0.8951   1 0.0005149331
0.8955   1 0.0005149331
0.896    1 0.0005149331
0.8964   1 0.0005149331
0.8966   1 0.0005149331
0.8969   1 0.0005149331
0.8984   1 0.0005149331
0.8998   1 0.0005149331
0.8999   1 0.0005149331
0.9      4 0.0020597322
0.9005   2 0.0010298661
0.9016   1 0.0005149331
0.9026   1 0.0005149331
0.9046   1 0.0005149331
0.9048   1 0.0005149331
0.9053   1 0.0005149331
0.9057   1 0.0005149331
0.9063   1 0.0005149331
0.9086   2 0.0010298661
0.9091   1 0.0005149331
0.9096   1 0.0005149331
0.9098   1 0.0005149331
0.9099   1 0.0005149331
0.9101   1 0.0005149331
0.9106   1 0.0005149331
0.9116   1 0.0005149331
0.9118   1 0.0005149331
0.9124   1 0.0005149331
0.913    1 0.0005149331
0.9139   1 0.0005149331
0.914    1 0.0005149331
0.9146   1 0.0005149331
0.9147   1 0.0005149331
0.9158   1 0.0005149331
0.9162   1 0.0005149331
0.9166   1 0.0005149331
0.917    1 0.0005149331
0.9171   1 0.0005149331
0.9174   1 0.0005149331
0.9178   1 0.0005149331
0.9195   1 0.0005149331
0.92     1 0.0005149331
0.9218   1 0.0005149331
0.9219   2 0.0010298661
0.9231   1 0.0005149331
0.924    2 0.0010298661
0.9247   1 0.0005149331
0.9255   1 0.0005149331
0.9256   1 0.0005149331
0.9258   1 0.0005149331
0.9264   1 0.0005149331
0.9266   1 0.0005149331
0.9273   1 0.0005149331
0.9274   1 0.0005149331
0.9283   1 0.0005149331
0.9285   1 0.0005149331
0.9286   1 0.0005149331
0.9291   1 0.0005149331
0.9321   1 0.0005149331
0.9323   1 0.0005149331
0.9349   1 0.0005149331
0.9355   1 0.0005149331
0.937    1 0.0005149331
0.9375   1 0.0005149331
0.9378   1 0.0005149331
0.9397   1 0.0005149331
0.94     1 0.0005149331
0.9407   1 0.0005149331
0.9413   1 0.0005149331
0.9419   1 0.0005149331
0.9424   1 0.0005149331
0.9441   1 0.0005149331
0.9444   3 0.0015447992
0.9479   1 0.0005149331
0.9489   1 0.0005149331
0.949    1 0.0005149331
0.9497   1 0.0005149331
0.95     1 0.0005149331
0.9522   1 0.0005149331
0.9529   1 0.0005149331
0.9531   1 0.0005149331
0.954    1 0.0005149331
0.9551   1 0.0005149331
0.9561   1 0.0005149331
0.9573   2 0.0010298661
0.9579   1 0.0005149331
0.958    1 0.0005149331
0.9601   1 0.0005149331
0.9609   1 0.0005149331
0.9618   1 0.0005149331
0.9619   1 0.0005149331
0.962    1 0.0005149331
0.9624   1 0.0005149331
0.9632   1 0.0005149331
0.9643   1 0.0005149331
0.9675   1 0.0005149331
0.9687   1 0.0005149331
0.9691   1 0.0005149331
0.9714   1 0.0005149331
0.9715   1 0.0005149331
0.9719   1 0.0005149331
0.9724   1 0.0005149331
0.9726   1 0.0005149331
0.9731   1 0.0005149331
0.9733   1 0.0005149331
0.974    1 0.0005149331
0.9762   1 0.0005149331
0.9767   2 0.0010298661
0.9779   1 0.0005149331
0.9781   1 0.0005149331
0.9785   1 0.0005149331
0.9787   1 0.0005149331
0.9796   1 0.0005149331
0.9801   2 0.0010298661
0.9819   1 0.0005149331
0.9832   1 0.0005149331
0.9833   1 0.0005149331
0.9842   1 0.0005149331
0.9863   1 0.0005149331
0.9872   1 0.0005149331
0.988    1 0.0005149331
0.9885   1 0.0005149331
0.9886   1 0.0005149331
0.99     1 0.0005149331
0.9901   1 0.0005149331
0.9911   1 0.0005149331
0.9925   1 0.0005149331
0.9928   1 0.0005149331
0.9929   1 0.0005149331
0.9937   1 0.0005149331
0.9946   1 0.0005149331
0.9982   1 0.0005149331
1       72 0.0370751802
COMP_ORIG_YR4_RT Frequency 
[1] 2803
             COMP        COMPF
0.022397892     1 0.0003567606
0.0240043644    1 0.0003567606
0.0269662921    1 0.0003567606
0.0317073171    1 0.0003567606
0.0340775558    1 0.0003567606
0.0376175549    1 0.0003567606
0.0385271054    1 0.0003567606
0.0430522565    5 0.0017838031
0.0473457676    1 0.0003567606
0.0476190476    1 0.0003567606
0.0494464945    1 0.0003567606
0.0521172638    1 0.0003567606
0.0542328042    1 0.0003567606
0.0561797753    1 0.0003567606
0.0566722501    1 0.0003567606
0.0595567867    1 0.0003567606
0.0623471883    1 0.0003567606
0.062794685     1 0.0003567606
0.0628930818    1 0.0003567606
0.0655737705    3 0.0010702818
0.0663129973    1 0.0003567606
0.0735294118    1 0.0003567606
0.073800738     1 0.0003567606
0.074433657     1 0.0003567606
0.075862069     1 0.0003567606
0.0765004227    1 0.0003567606
0.077147016     1 0.0003567606
0.0777777778    1 0.0003567606
0.0804157549    1 0.0003567606
0.0809248555    1 0.0003567606
0.0819032761    1 0.0003567606
0.0822147651    1 0.0003567606
0.0836575875    1 0.0003567606
0.0848678943    1 0.0003567606
0.0874635569    1 0.0003567606
0.0884485259    1 0.0003567606
0.0885608856    1 0.0003567606
0.0887096774    1 0.0003567606
0.0916568743    2 0.0007135212
0.0935350757    1 0.0003567606
0.0940514469    1 0.0003567606
0.0941176471    1 0.0003567606
0.094214876     1 0.0003567606
0.0950413223    1 0.0003567606
0.0957446809    1 0.0003567606
0.0958980044    1 0.0003567606
0.0975232198    1 0.0003567606
0.098245614     1 0.0003567606
0.099112426     1 0.0003567606
0.1001221001    1 0.0003567606
0.1002872813    1 0.0003567606
0.101010101     1 0.0003567606
0.1013513514    1 0.0003567606
0.1016713092    1 0.0003567606
0.1033787191    1 0.0003567606
0.1034482759    1 0.0003567606
0.1048218029    2 0.0007135212
0.1049543677    1 0.0003567606
0.1088709677    1 0.0003567606
0.112716763     1 0.0003567606
0.1132616487    1 0.0003567606
0.1133836944   94 0.0335354977
0.1134020619    1 0.0003567606
0.1163434903    1 0.0003567606
0.1164556962    3 0.0010702818
0.1182607427    1 0.0003567606
0.1192528736    1 0.0003567606
0.1192944172    1 0.0003567606
0.1204379562    1 0.0003567606
0.1215805471    1 0.0003567606
0.1218543046    1 0.0003567606
0.1228070175    1 0.0003567606
0.1229735073    1 0.0003567606
0.1230068337    1 0.0003567606
0.1241666667    3 0.0010702818
0.1249371543    2 0.0007135212
0.125           1 0.0003567606
0.1262135922    1 0.0003567606
0.1271676301    1 0.0003567606
0.1281269067    1 0.0003567606
0.1293375394    1 0.0003567606
0.1293634497    1 0.0003567606
0.1298838437    1 0.0003567606
0.1302816901    1 0.0003567606
0.1304347826    1 0.0003567606
0.1327241079    2 0.0007135212
0.1330935252    1 0.0003567606
0.1342281879    1 0.0003567606
0.1350739511    5 0.0017838031
0.1352459016    1 0.0003567606
0.1357526882    1 0.0003567606
0.1358024691    2 0.0007135212
0.1361783745   22 0.0078487335
0.1368322399    1 0.0003567606
0.1375045471    1 0.0003567606
0.1385390428    1 0.0003567606
0.1395348837    1 0.0003567606
0.1401699029    4 0.0014270425
0.1428571429    2 0.0007135212
0.1433566434    1 0.0003567606
0.143989432     1 0.0003567606
0.1441717791    1 0.0003567606
0.1444833625    1 0.0003567606
0.1457142857    1 0.0003567606
0.1457431457    1 0.0003567606
0.146090535     1 0.0003567606
0.1463233474    1 0.0003567606
0.1466311197    1 0.0003567606
0.1478132193   16 0.0057081698
0.1482000935    1 0.0003567606
0.1484759095    2 0.0007135212
0.1485148515    1 0.0003567606
0.1492743607    1 0.0003567606
0.1494845361    1 0.0003567606
0.1498929336    2 0.0007135212
0.149962321     1 0.0003567606
0.15            1 0.0003567606
0.1511412708    2 0.0007135212
0.1515151515    1 0.0003567606
0.1516278553   26 0.0092757760
0.1517241379    1 0.0003567606
0.1525551102    1 0.0003567606
0.1532091097    1 0.0003567606
0.1545064378    1 0.0003567606
0.1547148504   29 0.0103460578
0.1556503198    1 0.0003567606
0.1558245083    1 0.0003567606
0.1563909774    1 0.0003567606
0.1570545829    1 0.0003567606
0.1586826347    1 0.0003567606
0.1594123049    1 0.0003567606
0.1594877765    1 0.0003567606
0.1604938272    1 0.0003567606
0.1606765328    1 0.0003567606
0.160772757     1 0.0003567606
0.160899654     1 0.0003567606
0.1613800779    1 0.0003567606
0.1621271077    1 0.0003567606
0.1622035195    1 0.0003567606
0.1627358491    1 0.0003567606
0.1641856392    1 0.0003567606
0.1642857143    1 0.0003567606
0.1644736842    1 0.0003567606
0.164556962     1 0.0003567606
0.1666666667    1 0.0003567606
0.1669865643    1 0.0003567606
0.1672862454    1 0.0003567606
0.1675062972    1 0.0003567606
0.1683794466    1 0.0003567606
0.1685738208   11 0.0039243667
0.1690544413    1 0.0003567606
0.1705685619    1 0.0003567606
0.1705882353    1 0.0003567606
0.1709386443   11 0.0039243667
0.1711606096    1 0.0003567606
0.1730981257    1 0.0003567606
0.1731123389    1 0.0003567606
0.1732831063    1 0.0003567606
0.1736950752    1 0.0003567606
0.1743638077    1 0.0003567606
0.1750841751    1 0.0003567606
0.1754010695    1 0.0003567606
0.1757575758    2 0.0007135212
0.1760808926    1 0.0003567606
0.1800878477    1 0.0003567606
0.1808219178    1 0.0003567606
0.1810300867    1 0.0003567606
0.182374541     1 0.0003567606
0.1827956989    1 0.0003567606
0.1840425532    1 0.0003567606
0.1845416417    1 0.0003567606
0.1852502195    1 0.0003567606
0.1860841424    1 0.0003567606
0.1865702358   10 0.0035676061
0.1867924528    1 0.0003567606
0.1868686869    1 0.0003567606
0.1869158879    1 0.0003567606
0.1875          1 0.0003567606
0.1884355238   78 0.0278273279
0.1885202738    1 0.0003567606
0.1890909091    1 0.0003567606
0.1914285714    1 0.0003567606
0.1918819188    1 0.0003567606
0.1928429423    2 0.0007135212
0.1934306569    1 0.0003567606
0.1935483871    1 0.0003567606
0.1937172775    2 0.0007135212
0.1940298507    1 0.0003567606
0.1947368421    1 0.0003567606
0.1947743468    1 0.0003567606
0.194954955     6 0.0021405637
0.1956124314    1 0.0003567606
0.1956521739    1 0.0003567606
0.1959183673    2 0.0007135212
0.1966292135    1 0.0003567606
0.1974741676    1 0.0003567606
0.1982142857    1 0.0003567606
0.1985294118    1 0.0003567606
0.1985815603    1 0.0003567606
0.2             1 0.0003567606
0.2006167552    1 0.0003567606
0.2009884679    1 0.0003567606
0.2013392857    1 0.0003567606
0.203087886     1 0.0003567606
0.2032258065    1 0.0003567606
0.2035595106    1 0.0003567606
0.2039498671    1 0.0003567606
0.2050113895    1 0.0003567606
0.206500956     1 0.0003567606
0.2066590126    1 0.0003567606
0.206959707     1 0.0003567606
0.2071005917    1 0.0003567606
0.2071129707    1 0.0003567606
0.2072072072    1 0.0003567606
0.2073170732    1 0.0003567606
0.207780725     1 0.0003567606
0.2081300813    1 0.0003567606
0.2083333333    2 0.0007135212
0.2085561497    1 0.0003567606
0.2086614173    1 0.0003567606
0.2088122605    1 0.0003567606
0.2093023256    1 0.0003567606
0.2103264996    1 0.0003567606
0.210467706     3 0.0010702818
0.2105263158    1 0.0003567606
0.2119565217    1 0.0003567606
0.2122236169    3 0.0010702818
0.212962963     1 0.0003567606
0.2131736527    1 0.0003567606
0.2134251291    1 0.0003567606
0.2134831461    1 0.0003567606
0.2135655362    3 0.0010702818
0.2137834037    1 0.0003567606
0.214091086     1 0.0003567606
0.2142857143    1 0.0003567606
0.2150537634    1 0.0003567606
0.2150930851    1 0.0003567606
0.2152230971    1 0.0003567606
0.2159090909    1 0.0003567606
0.2173913043    1 0.0003567606
0.2181168057    1 0.0003567606
0.2183673469    1 0.0003567606
0.2196202532    1 0.0003567606
0.2198347107    1 0.0003567606
0.2202876609    1 0.0003567606
0.2207896857    1 0.0003567606
0.2211885103    1 0.0003567606
0.2214111922    1 0.0003567606
0.2227559884   10 0.0035676061
0.2236421725    1 0.0003567606
0.2247191011    1 0.0003567606
0.2249443207    1 0.0003567606
0.2252252252    1 0.0003567606
0.2263513514    1 0.0003567606
0.2264397906    1 0.0003567606
0.2266112266    1 0.0003567606
0.2269979852    1 0.0003567606
0.2282608696    1 0.0003567606
0.2285714286    2 0.0007135212
0.2291344668    1 0.0003567606
0.2293447293    1 0.0003567606
0.2295774648    1 0.0003567606
0.2298850575    1 0.0003567606
0.2300884956    1 0.0003567606
0.2301587302    1 0.0003567606
0.2304526749    1 0.0003567606
0.2307692308    1 0.0003567606
0.2315789474    1 0.0003567606
0.2319364162    1 0.0003567606
0.2324455206    1 0.0003567606
0.2328502415    1 0.0003567606
0.2330827068    1 0.0003567606
0.2336448598    1 0.0003567606
0.2337662338    1 0.0003567606
0.2339393939    1 0.0003567606
0.2347305389    1 0.0003567606
0.2355658199    1 0.0003567606
0.2359550562    1 0.0003567606
0.2360616845    1 0.0003567606
0.2368421053    1 0.0003567606
0.2371541502    1 0.0003567606
0.2376126126    1 0.0003567606
0.237804878     3 0.0010702818
0.238410596     1 0.0003567606
0.2386075949    1 0.0003567606
0.2391304348    1 0.0003567606
0.2394839166    1 0.0003567606
0.2395833333    2 0.0007135212
0.2399565689    1 0.0003567606
0.2407749077    1 0.0003567606
0.2408088235    1 0.0003567606
0.2410383189    1 0.0003567606
0.2416666667    1 0.0003567606
0.2417400881    1 0.0003567606
0.2421052632    1 0.0003567606
0.2421875       1 0.0003567606
0.2432778489    1 0.0003567606
0.2434944238    1 0.0003567606
0.24375         1 0.0003567606
0.2439665472    6 0.0021405637
0.2444444444    1 0.0003567606
0.2445923461    1 0.0003567606
0.2451282051    1 0.0003567606
0.2455947137    1 0.0003567606
0.2457627119    1 0.0003567606
0.2459415584    4 0.0014270425
0.2469733656    1 0.0003567606
0.2479338843    1 0.0003567606
0.247957993     1 0.0003567606
0.2481927711    3 0.0010702818
0.249382716     1 0.0003567606
0.2494004796    1 0.0003567606
0.2494915254    1 0.0003567606
0.2495765104    1 0.0003567606
0.2496570645    1 0.0003567606
0.2497468782    1 0.0003567606
0.2497536946    1 0.0003567606
0.25            2 0.0007135212
0.2506393862    1 0.0003567606
0.2509838216    1 0.0003567606
0.2510129269    2 0.0007135212
0.251315257     1 0.0003567606
0.2514450867    1 0.0003567606
0.2515337423    1 0.0003567606
0.2516853933    1 0.0003567606
0.252240717     1 0.0003567606
0.2524271845    1 0.0003567606
0.2527027027    1 0.0003567606
0.253125        1 0.0003567606
0.2533495737    1 0.0003567606
0.2534246575    1 0.0003567606
0.2537587092    1 0.0003567606
0.254479356     1 0.0003567606
0.254587156     1 0.0003567606
0.2547169811    1 0.0003567606
0.2549019608    1 0.0003567606
0.255351682     1 0.0003567606
0.2554794521    2 0.0007135212
0.2557781202    1 0.0003567606
0.256496228     1 0.0003567606
0.2565445026    1 0.0003567606
0.2567890812    1 0.0003567606
0.2573705179    1 0.0003567606
0.2575488455    1 0.0003567606
0.2575757576    1 0.0003567606
0.2580645161    1 0.0003567606
0.2581699346    1 0.0003567606
0.2582288401    1 0.0003567606
0.2583333333    1 0.0003567606
0.2590559824    1 0.0003567606
0.2592592593    1 0.0003567606
0.2603603604    1 0.0003567606
0.2607952116    1 0.0003567606
0.261208577     1 0.0003567606
0.2614107884    1 0.0003567606
0.261627907     1 0.0003567606
0.2624521073    1 0.0003567606
0.2631578947    1 0.0003567606
0.2634256642    1 0.0003567606
0.2640117994    1 0.0003567606
0.2647444299    1 0.0003567606
0.2650273224    2 0.0007135212
0.2651933702    1 0.0003567606
0.2655662349    1 0.0003567606
0.2659079152    1 0.0003567606
0.2662481536    1 0.0003567606
0.2664092664    1 0.0003567606
0.2665289256    1 0.0003567606
0.2666666667    1 0.0003567606
0.2672413793    1 0.0003567606
0.2674271229    1 0.0003567606
0.2677993528    1 0.0003567606
0.2678983834    1 0.0003567606
0.2679820879    3 0.0010702818
0.2688679245    1 0.0003567606
0.2691131498    1 0.0003567606
0.2693726937    1 0.0003567606
0.2697466468    1 0.0003567606
0.2702702703    1 0.0003567606
0.2711864407    1 0.0003567606
0.2714285714    1 0.0003567606
0.2717041801    1 0.0003567606
0.2717488789    1 0.0003567606
0.2719665272    1 0.0003567606
0.2727272727    1 0.0003567606
0.2727597287    1 0.0003567606
0.2728387492    1 0.0003567606
0.2741935484    1 0.0003567606
0.2744819519    1 0.0003567606
0.2746478873    1 0.0003567606
0.2747524752    1 0.0003567606
0.2761747733    1 0.0003567606
0.2765363128    1 0.0003567606
0.2767464115    1 0.0003567606
0.2769822612    1 0.0003567606
0.2778469197    1 0.0003567606
0.2783216783    1 0.0003567606
0.278322926     1 0.0003567606
0.2783505155    1 0.0003567606
0.2797927461    1 0.0003567606
0.2799422799    1 0.0003567606
0.2803738318    1 0.0003567606
0.2809195402    1 0.0003567606
0.2809734513    1 0.0003567606
0.2816457332    7 0.0024973243
0.282306163     1 0.0003567606
0.2825112108    1 0.0003567606
0.2826594789    1 0.0003567606
0.2826855124    2 0.0007135212
0.2827442827    1 0.0003567606
0.2833333333    1 0.0003567606
0.2835408022    1 0.0003567606
0.283557047     1 0.0003567606
0.2838983051    2 0.0007135212
0.2839317545    1 0.0003567606
0.2839506173    1 0.0003567606
0.2844036697    1 0.0003567606
0.285198556     1 0.0003567606
0.2857142857    3 0.0010702818
0.2859531773    1 0.0003567606
0.286163522     3 0.0010702818
0.2863849765    1 0.0003567606
0.2866344605    1 0.0003567606
0.2866666667    1 0.0003567606
0.2869910626    6 0.0021405637
0.2872195122    1 0.0003567606
0.2877138414    1 0.0003567606
0.2879213483    1 0.0003567606
0.2882968601    1 0.0003567606
0.2887168142    1 0.0003567606
0.2890575585    1 0.0003567606
0.2893890675    1 0.0003567606
0.2901404917   16 0.0057081698
0.2906680265    1 0.0003567606
0.2915129151    1 0.0003567606
0.2916666667    1 0.0003567606
0.2919254658    1 0.0003567606
0.2921348315    1 0.0003567606
0.2924187726    1 0.0003567606
0.2934590454    1 0.0003567606
0.2938596491    1 0.0003567606
0.2943877551    1 0.0003567606
0.2944542254   11 0.0039243667
0.2952380952    1 0.0003567606
0.2953937593    1 0.0003567606
0.2954545455    1 0.0003567606
0.2956841139    1 0.0003567606
0.2961340985    3 0.0010702818
0.2961373391    1 0.0003567606
0.2967332123    1 0.0003567606
0.2967764541    1 0.0003567606
0.296812749     1 0.0003567606
0.296875        1 0.0003567606
0.2974137931    1 0.0003567606
0.2988047809    1 0.0003567606
0.2988248461    1 0.0003567606
0.2992957746    1 0.0003567606
0.2996031746    1 0.0003567606
0.3009503696    1 0.0003567606
0.3015384615    1 0.0003567606
0.3016330451    1 0.0003567606
0.3017570665    6 0.0021405637
0.3020833333    1 0.0003567606
0.3021077283    1 0.0003567606
0.302504817     1 0.0003567606
0.302508608     2 0.0007135212
0.3025830258    2 0.0007135212
0.3031167691    1 0.0003567606
0.3031609195    1 0.0003567606
0.3032967033    1 0.0003567606
0.3037974684    1 0.0003567606
0.3042164538    8 0.0028540849
0.3045685279    1 0.0003567606
0.3046357616    1 0.0003567606
0.3048763448   20 0.0071352123
0.3051391863    1 0.0003567606
0.305785124     1 0.0003567606
0.306122449     1 0.0003567606
0.30625         1 0.0003567606
0.3064516129    1 0.0003567606
0.3067484663    1 0.0003567606
0.3069686411    1 0.0003567606
0.3076923077    1 0.0003567606
0.307735426     1 0.0003567606
0.3079042535    1 0.0003567606
0.3079800499    5 0.0017838031
0.3079922027    1 0.0003567606
0.3081081081    1 0.0003567606
0.3082706767    1 0.0003567606
0.3083586982    1 0.0003567606
0.308411215     1 0.0003567606
0.3084622384    1 0.0003567606
0.3095238095    1 0.0003567606
0.3099173554    1 0.0003567606
0.3100775194    1 0.0003567606
0.3107165504    1 0.0003567606
0.3109151047    1 0.0003567606
0.311370882     1 0.0003567606
0.3115577889    1 0.0003567606
0.3116147309    1 0.0003567606
0.311827957     1 0.0003567606
0.3120879121    1 0.0003567606
0.3122605364    1 0.0003567606
0.3125          1 0.0003567606
0.3127147766    1 0.0003567606
0.3128313892    1 0.0003567606
0.3132212331    1 0.0003567606
0.3136363636    1 0.0003567606
0.313904068     1 0.0003567606
0.3139126067    1 0.0003567606
0.3141172617   12 0.0042811274
0.3142857143    1 0.0003567606
0.3143063584   10 0.0035676061
0.3143650243    3 0.0010702818
0.3145663632    1 0.0003567606
0.3145780051    1 0.0003567606
0.3146622735    1 0.0003567606
0.3151364764    1 0.0003567606
0.3152173913    1 0.0003567606
0.3153846154    1 0.0003567606
0.315625        1 0.0003567606
0.3157315732    1 0.0003567606
0.3157894737    2 0.0007135212
0.3161764706    1 0.0003567606
0.3166926677    1 0.0003567606
0.3167420814    1 0.0003567606
0.3167938931    1 0.0003567606
0.3175141243    1 0.0003567606
0.3178331735    1 0.0003567606
0.3179347826    1 0.0003567606
0.3181818182    1 0.0003567606
0.3186813187    1 0.0003567606
0.3187633262  128 0.0456653585
0.318815331     1 0.0003567606
0.319178559     1 0.0003567606
0.3192771084    1 0.0003567606
0.3203125       1 0.0003567606
0.3205128205    1 0.0003567606
0.3205741627    1 0.0003567606
0.320802005     1 0.0003567606
0.3208087419    4 0.0014270425
0.3214285714    1 0.0003567606
0.3217747949    1 0.0003567606
0.3222222222    1 0.0003567606
0.3229646697    1 0.0003567606
0.3234200743    1 0.0003567606
0.3240418118    1 0.0003567606
0.3242009132    1 0.0003567606
0.3243421053    5 0.0017838031
0.325           1 0.0003567606
0.3252513306    7 0.0024973243
0.3253275109    1 0.0003567606
0.3256302521    1 0.0003567606
0.3262135922    1 0.0003567606
0.3270905923    1 0.0003567606
0.3281907433    1 0.0003567606
0.3288659794    1 0.0003567606
0.3290086494    6 0.0021405637
0.3295194508    1 0.0003567606
0.3295774648    1 0.0003567606
0.3297073297    1 0.0003567606
0.3297991071    1 0.0003567606
0.3302325581    1 0.0003567606
0.3302752294    1 0.0003567606
0.3311529027    1 0.0003567606
0.3314828522    8 0.0028540849
0.3315363881    1 0.0003567606
0.3316633267    1 0.0003567606
0.332           1 0.0003567606
0.3320950966    1 0.0003567606
0.3322580645    1 0.0003567606
0.3323112304    1 0.0003567606
0.3328100471    1 0.0003567606
0.3333333333    2 0.0007135212
0.3347010551    1 0.0003567606
0.3348542459    2 0.0007135212
0.3350888743    1 0.0003567606
0.335235378     1 0.0003567606
0.3354643338    1 0.0003567606
0.3368660106    1 0.0003567606
0.3369565217    1 0.0003567606
0.3370748299    4 0.0014270425
0.3373243103    1 0.0003567606
0.3374485597    1 0.0003567606
0.3378519291    1 0.0003567606
0.338028169     1 0.0003567606
0.3382022472    1 0.0003567606
0.3382352941    1 0.0003567606
0.3385650224    1 0.0003567606
0.3386516502    1 0.0003567606
0.3387372014    1 0.0003567606
0.3387978142    1 0.0003567606
0.3392857143    1 0.0003567606
0.3394288062    1 0.0003567606
0.3395784543    1 0.0003567606
0.34            1 0.0003567606
0.3410852713    1 0.0003567606
0.3414634146    1 0.0003567606
0.3416645839    1 0.0003567606
0.3416666667    1 0.0003567606
0.341740227     1 0.0003567606
0.3422053232    1 0.0003567606
0.3425016372    1 0.0003567606
0.3426741393    1 0.0003567606
0.3430420712    1 0.0003567606
0.3430962343    1 0.0003567606
0.3432155074    1 0.0003567606
0.3433333333    1 0.0003567606
0.3434650456    1 0.0003567606
0.3439490446    1 0.0003567606
0.3440405748    1 0.0003567606
0.3442622951    1 0.0003567606
0.3443113772    1 0.0003567606
0.3447877563    1 0.0003567606
0.3449477352    1 0.0003567606
0.3452054795    1 0.0003567606
0.3454545455    1 0.0003567606
0.3457022076    1 0.0003567606
0.3461538462    2 0.0007135212
0.3465753425    1 0.0003567606
0.346581876     1 0.0003567606
0.3466666667    1 0.0003567606
0.3471856917    1 0.0003567606
0.347266881     1 0.0003567606
0.3473344103    1 0.0003567606
0.3479623824    1 0.0003567606
0.3480916031    1 0.0003567606
0.3482446206    1 0.0003567606
0.3482587065    1 0.0003567606
0.3487544484    1 0.0003567606
0.3493670886    1 0.0003567606
0.350140056     1 0.0003567606
0.3504385965    1 0.0003567606
0.3522522523    1 0.0003567606
0.3532781668   29 0.0103460578
0.3534031414    1 0.0003567606
0.3536977492    1 0.0003567606
0.3537735849    1 0.0003567606
0.3539325843    1 0.0003567606
0.354679803     1 0.0003567606
0.35472044      1 0.0003567606
0.35546875      1 0.0003567606
0.3555630027    1 0.0003567606
0.355912744     1 0.0003567606
0.355971897     1 0.0003567606
0.3561643836    1 0.0003567606
0.3561904762    1 0.0003567606
0.3564899452    1 0.0003567606
0.3564954683    1 0.0003567606
0.3566739606    1 0.0003567606
0.3571428571    2 0.0007135212
0.3579125291    1 0.0003567606
0.3580427776    1 0.0003567606
0.3582089552    1 0.0003567606
0.3588235294    1 0.0003567606
0.3594771242    1 0.0003567606
0.3594976452    1 0.0003567606
0.3595015576    4 0.0014270425
0.3597359736    1 0.0003567606
0.3597883598    1 0.0003567606
0.3607305936    1 0.0003567606
0.3615635179    1 0.0003567606
0.3616071429    1 0.0003567606
0.3619344774    1 0.0003567606
0.3619489559    1 0.0003567606
0.362369338     2 0.0007135212
0.3628026412    1 0.0003567606
0.362804878     1 0.0003567606
0.3631840796    1 0.0003567606
0.3634417808    3 0.0010702818
0.3636363636    5 0.0017838031
0.3644859813    1 0.0003567606
0.3646662584    1 0.0003567606
0.3653483992    1 0.0003567606
0.3656387665    2 0.0007135212
0.365764112     1 0.0003567606
0.3658326143   10 0.0035676061
0.3658536585    2 0.0007135212
0.3659793814    1 0.0003567606
0.3660714286    1 0.0003567606
0.3665158371    1 0.0003567606
0.3668639053    1 0.0003567606
0.3673951565    1 0.0003567606
0.3675675676    1 0.0003567606
0.3680465718    1 0.0003567606
0.3680981595    1 0.0003567606
0.3684210526    1 0.0003567606
0.3686440678    1 0.0003567606
0.3688760807    1 0.0003567606
0.3689956332    1 0.0003567606
0.3694349315    1 0.0003567606
0.3698630137    1 0.0003567606
0.3698788229    1 0.0003567606
0.3709483794    1 0.0003567606
0.3712156497    1 0.0003567606
0.3712528824    1 0.0003567606
0.3720670391    1 0.0003567606
0.3720930233    1 0.0003567606
0.3721286371    1 0.0003567606
0.3722721438    1 0.0003567606
0.3722897938    1 0.0003567606
0.3723404255    1 0.0003567606
0.3728813559    1 0.0003567606
0.3729903537    1 0.0003567606
0.3732517483    1 0.0003567606
0.3735632184    1 0.0003567606
0.3736263736    1 0.0003567606
0.3742177722    3 0.0010702818
0.3754200672    1 0.0003567606
0.375483871     1 0.0003567606
0.3762376238    1 0.0003567606
0.3763066202    1 0.0003567606
0.3767705382    1 0.0003567606
0.3768472906    1 0.0003567606
0.3769230769    1 0.0003567606
0.3770617568    1 0.0003567606
0.3773584906    1 0.0003567606
0.3777777778    1 0.0003567606
0.3778747026    1 0.0003567606
0.3779904306    1 0.0003567606
0.3780760626    1 0.0003567606
0.3782945736    1 0.0003567606
0.3784819455    3 0.0010702818
0.3785328676    1 0.0003567606
0.3786127168    1 0.0003567606
0.3786982249    1 0.0003567606
0.3787234043    1 0.0003567606
0.3787878788    1 0.0003567606
0.3792270531    1 0.0003567606
0.3792569659    1 0.0003567606
0.3800350263    1 0.0003567606
0.3803803804    1 0.0003567606
0.3805309735    1 0.0003567606
0.3814121907    1 0.0003567606
0.3814589666    1 0.0003567606
0.3827160494    1 0.0003567606
0.3827848101    3 0.0010702818
0.3829113924    1 0.0003567606
0.3832853026    1 0.0003567606
0.383775351     1 0.0003567606
0.3841201717    1 0.0003567606
0.3846153846    3 0.0010702818
0.3850931677    1 0.0003567606
0.3852459016    1 0.0003567606
0.3852530541    1 0.0003567606
0.3854166667    1 0.0003567606
0.385465443     1 0.0003567606
0.3856304985    1 0.0003567606
0.3857142857    1 0.0003567606
0.3863636364    1 0.0003567606
0.386388584     1 0.0003567606
0.3868312757    1 0.0003567606
0.3869047619    2 0.0007135212
0.3869801085    1 0.0003567606
0.3871527778    1 0.0003567606
0.3875471698    1 0.0003567606
0.3875802998    1 0.0003567606
0.3878437048    1 0.0003567606
0.3888888889    1 0.0003567606
0.3891891892    1 0.0003567606
0.3894878706    2 0.0007135212
0.3896064428    6 0.0021405637
0.3899143045    1 0.0003567606
0.3901170351    1 0.0003567606
0.3911290323    1 0.0003567606
0.3913043478    1 0.0003567606
0.3914373089    1 0.0003567606
0.3916083916    2 0.0007135212
0.3917525773    1 0.0003567606
0.3924528302    1 0.0003567606
0.3928571429    1 0.0003567606
0.3930131004    1 0.0003567606
0.3931240658    1 0.0003567606
0.3935264055    1 0.0003567606
0.3936246418    7 0.0024973243
0.3940520446    1 0.0003567606
0.3940817285    1 0.0003567606
0.3941048035    2 0.0007135212
0.394488189     1 0.0003567606
0.3944954128    1 0.0003567606
0.3947368421    1 0.0003567606
0.3948075201    1 0.0003567606
0.3950617284    1 0.0003567606
0.3953488372    1 0.0003567606
0.3958333333    1 0.0003567606
0.3959349593    1 0.0003567606
0.3962264151    1 0.0003567606
0.3962999026    1 0.0003567606
0.3964334705    1 0.0003567606
0.396651642     1 0.0003567606
0.3967391304    1 0.0003567606
0.3968          1 0.0003567606
0.3973509934    1 0.0003567606
0.3974358974    1 0.0003567606
0.3975032852    1 0.0003567606
0.397515528     1 0.0003567606
0.3977011494    1 0.0003567606
0.3985728848    1 0.0003567606
0.3986013986    1 0.0003567606
0.3988326848    1 0.0003567606
0.3991056456    1 0.0003567606
0.3994169096    1 0.0003567606
0.4             2 0.0007135212
0.4001264223    1 0.0003567606
0.4002774887    1 0.0003567606
0.4005508843    1 0.0003567606
0.4006622517    1 0.0003567606
0.4007220217    1 0.0003567606
0.400862069     1 0.0003567606
0.4012653374    1 0.0003567606
0.4014397304    1 0.0003567606
0.4020979021    1 0.0003567606
0.4022988506    1 0.0003567606
0.4024390244    1 0.0003567606
0.4024735893    1 0.0003567606
0.4024937656    1 0.0003567606
0.4027459954    1 0.0003567606
0.4028268551    1 0.0003567606
0.4029304029    1 0.0003567606
0.4032258065    2 0.0007135212
0.4033613445    1 0.0003567606
0.4034620506    1 0.0003567606
0.4036393714    1 0.0003567606
0.4041450777    1 0.0003567606
0.4042027194    1 0.0003567606
0.4043010753    1 0.0003567606
0.4047619048    1 0.0003567606
0.4048338369    1 0.0003567606
0.404931247     1 0.0003567606
0.4051003344    1 0.0003567606
0.4057971014    1 0.0003567606
0.405988024     1 0.0003567606
0.4061696658    1 0.0003567606
0.4065934066    1 0.0003567606
0.4066666667    1 0.0003567606
0.4069792336    1 0.0003567606
0.4072249589    1 0.0003567606
0.4077780955    1 0.0003567606
0.4082840237    1 0.0003567606
0.4088705768    1 0.0003567606
0.4094988781    1 0.0003567606
0.4097222222    1 0.0003567606
0.4103343465    1 0.0003567606
0.4104967198    1 0.0003567606
0.4108527132    1 0.0003567606
0.4112149533    1 0.0003567606
0.4113924051    1 0.0003567606
0.4116237268    1 0.0003567606
0.4118658641    1 0.0003567606
0.412244898     1 0.0003567606
0.4124087591    1 0.0003567606
0.412477396     1 0.0003567606
0.4127078385    1 0.0003567606
0.4129353234    1 0.0003567606
0.4129930394    1 0.0003567606
0.4131966688    1 0.0003567606
0.4133196018    1 0.0003567606
0.4134615385    1 0.0003567606
0.4136253041    1 0.0003567606
0.4145263409   14 0.0049946486
0.4147157191    1 0.0003567606
0.4150943396    4 0.0014270425
0.4151898734    1 0.0003567606
0.4155920281    1 0.0003567606
0.4156050955    1 0.0003567606
0.4167447673    3 0.0010702818
0.4167455061    1 0.0003567606
0.4170040486    1 0.0003567606
0.4170326223    1 0.0003567606
0.4171779141    1 0.0003567606
0.417264203     1 0.0003567606
0.4175035868    1 0.0003567606
0.4175824176    1 0.0003567606
0.4176245211    1 0.0003567606
0.4176904177    1 0.0003567606
0.4178403756    1 0.0003567606
0.4184397163    1 0.0003567606
0.4185803758    1 0.0003567606
0.4187192118    1 0.0003567606
0.4188679245    1 0.0003567606
0.4191176471    1 0.0003567606
0.4191616766    1 0.0003567606
0.4192100539    1 0.0003567606
0.4200157604    1 0.0003567606
0.4202561118    1 0.0003567606
0.4202898551    1 0.0003567606
0.4202992843    1 0.0003567606
0.4209039548    1 0.0003567606
0.4216478191    1 0.0003567606
0.4217098943    2 0.0007135212
0.421978022     1 0.0003567606
0.4225          1 0.0003567606
0.4228723404    1 0.0003567606
0.4230274994    1 0.0003567606
0.4230769231    1 0.0003567606
0.4235294118    1 0.0003567606
0.4242021277    1 0.0003567606
0.4242424242    1 0.0003567606
0.4243641232    1 0.0003567606
0.4244357213    1 0.0003567606
0.4244604317    1 0.0003567606
0.4247104247    1 0.0003567606
0.4248466258    1 0.0003567606
0.425           1 0.0003567606
0.4250386399    1 0.0003567606
0.425173439     1 0.0003567606
0.4256243214    3 0.0010702818
0.4257261411    1 0.0003567606
0.4259259259    1 0.0003567606
0.426035503     1 0.0003567606
0.4261603376    2 0.0007135212
0.4269005848    1 0.0003567606
0.4273843931    3 0.0010702818
0.4279713368    1 0.0003567606
0.4284960422    1 0.0003567606
0.4285714286    3 0.0010702818
0.4287234043    1 0.0003567606
0.4287666553    1 0.0003567606
0.4288425047    1 0.0003567606
0.4290030211    1 0.0003567606
0.4291237113    1 0.0003567606
0.4292237443    1 0.0003567606
0.4294416244    1 0.0003567606
0.4294871795    1 0.0003567606
0.4297407913    1 0.0003567606
0.4297520661    1 0.0003567606
0.4299725383    1 0.0003567606
0.4302615193    1 0.0003567606
0.4305084746    1 0.0003567606
0.4305177112    1 0.0003567606
0.4306220096    1 0.0003567606
0.4306930693    1 0.0003567606
0.4315789474    1 0.0003567606
0.4318181818    1 0.0003567606
0.4320987654    1 0.0003567606
0.432934927     1 0.0003567606
0.4331178518    1 0.0003567606
0.4335443038    1 0.0003567606
0.4342629482    1 0.0003567606
0.4343675418    1 0.0003567606
0.4346666667    1 0.0003567606
0.4347107438    1 0.0003567606
0.4347826087    1 0.0003567606
0.4350758853    1 0.0003567606
0.4351851852    1 0.0003567606
0.4355231144    1 0.0003567606
0.4358974359    1 0.0003567606
0.4359162688    1 0.0003567606
0.4361702128    1 0.0003567606
0.4363081617    3 0.0010702818
0.437037037     1 0.0003567606
0.4371415968    1 0.0003567606
0.4375          1 0.0003567606
0.4375212802    1 0.0003567606
0.4376731302    1 0.0003567606
0.4379084967    1 0.0003567606
0.4381309489    1 0.0003567606
0.438172043     1 0.0003567606
0.4385330579    1 0.0003567606
0.4392587509    1 0.0003567606
0.4393939394    1 0.0003567606
0.4394484412    1 0.0003567606
0.4394904459    1 0.0003567606
0.44            1 0.0003567606
0.4400643604    1 0.0003567606
0.4402684564    1 0.0003567606
0.4406565657    1 0.0003567606
0.4411764706    1 0.0003567606
0.441314554     1 0.0003567606
0.4413265306    1 0.0003567606
0.4414893617    1 0.0003567606
0.4415584416    1 0.0003567606
0.4418483904    1 0.0003567606
0.4418604651    1 0.0003567606
0.442086649     1 0.0003567606
0.442519685     1 0.0003567606
0.4425953234    1 0.0003567606
0.4426229508    1 0.0003567606
0.4426751592    1 0.0003567606
0.4435933148    1 0.0003567606
0.4436244362    1 0.0003567606
0.443627451     1 0.0003567606
0.4446048358    1 0.0003567606
0.4446555819    1 0.0003567606
0.4453736175    2 0.0007135212
0.4455032758    1 0.0003567606
0.4458398744    1 0.0003567606
0.4458987784    1 0.0003567606
0.4459300962    1 0.0003567606
0.4462809917    1 0.0003567606
0.4464751958    1 0.0003567606
0.4465408805    1 0.0003567606
0.4470260223    1 0.0003567606
0.4473684211    1 0.0003567606
0.4477124183    1 0.0003567606
0.4481865285    3 0.0010702818
0.4482306684    1 0.0003567606
0.4482758621    3 0.0010702818
0.4484536082    1 0.0003567606
0.449441891     1 0.0003567606
0.449754902     1 0.0003567606
0.4498480243    1 0.0003567606
0.4499266324    1 0.0003567606
0.4503311258    1 0.0003567606
0.4503816794    1 0.0003567606
0.4508571429    1 0.0003567606
0.4508710801    1 0.0003567606
0.4510019819    1 0.0003567606
0.4514637904    1 0.0003567606
0.4516708588    1 0.0003567606
0.4519740719    1 0.0003567606
0.4519774011    1 0.0003567606
0.4519883608    1 0.0003567606
0.4528593509    1 0.0003567606
0.4529411765    1 0.0003567606
0.4531177829    1 0.0003567606
0.4531548757    1 0.0003567606
0.4537671233    1 0.0003567606
0.4540816327    2 0.0007135212
0.4542682927    1 0.0003567606
0.454308094     1 0.0003567606
0.4543429844    1 0.0003567606
0.4546862897    1 0.0003567606
0.4554140127    1 0.0003567606
0.4555555556    2 0.0007135212
0.4566353187    1 0.0003567606
0.4569444444    1 0.0003567606
0.4569732938    1 0.0003567606
0.4570184984    1 0.0003567606
0.4570259209    1 0.0003567606
0.4570707071    9 0.0032108455
0.4571428571    1 0.0003567606
0.4572405929    1 0.0003567606
0.4580335731    1 0.0003567606
0.4583088667    1 0.0003567606
0.4583333333    1 0.0003567606
0.4589041096    2 0.0007135212
0.4593088071    2 0.0007135212
0.4596007605    1 0.0003567606
0.4600262123    1 0.0003567606
0.46025878      3 0.0010702818
0.4612676056    1 0.0003567606
0.4614003591    1 0.0003567606
0.4615384615    3 0.0010702818
0.4617346939    1 0.0003567606
0.461928934     1 0.0003567606
0.4620123203    1 0.0003567606
0.4620253165    1 0.0003567606
0.4620642515    2 0.0007135212
0.4621848739    1 0.0003567606
0.462391514     1 0.0003567606
0.4626865672    1 0.0003567606
0.462745098     1 0.0003567606
0.4627659574    1 0.0003567606
0.4628369181    1 0.0003567606
0.4634146341    1 0.0003567606
0.4635193133    1 0.0003567606
0.4638739431    1 0.0003567606
0.4652532391    1 0.0003567606
0.4654002714    1 0.0003567606
0.4657783162    1 0.0003567606
0.4660194175    1 0.0003567606
0.4661157025    1 0.0003567606
0.4661354582    1 0.0003567606
0.4661746617    1 0.0003567606
0.4664082687    1 0.0003567606
0.4664484452    1 0.0003567606
0.4668314009    1 0.0003567606
0.4668820679    1 0.0003567606
0.4678284182    1 0.0003567606
0.4678899083    1 0.0003567606
0.4680327869    1 0.0003567606
0.4681677019    1 0.0003567606
0.4684908789    1 0.0003567606
0.4686018957    1 0.0003567606
0.4686940966    1 0.0003567606
0.4689540003    1 0.0003567606
0.4690265487    1 0.0003567606
0.469043152     1 0.0003567606
0.4692307692    1 0.0003567606
0.4693877551    1 0.0003567606
0.4696969697    1 0.0003567606
0.470437018     1 0.0003567606
0.4705882353    1 0.0003567606
0.4706150342    1 0.0003567606
0.4715447154    1 0.0003567606
0.4716545814    1 0.0003567606
0.4717607973    1 0.0003567606
0.4722792608    1 0.0003567606
0.472972973     2 0.0007135212
0.4732142857    2 0.0007135212
0.4736057262    1 0.0003567606
0.473806752     1 0.0003567606
0.4743975904    1 0.0003567606
0.4744744745    1 0.0003567606
0.4746543779    1 0.0003567606
0.475388601     1 0.0003567606
0.4761904762    1 0.0003567606
0.4762443439    1 0.0003567606
0.4762620838    1 0.0003567606
0.4764595104    2 0.0007135212
0.476744186     1 0.0003567606
0.4771573604    1 0.0003567606
0.4772727273    1 0.0003567606
0.4773536896    1 0.0003567606
0.4775280899    1 0.0003567606
0.4776785714    1 0.0003567606
0.4777562863    1 0.0003567606
0.4779116466    1 0.0003567606
0.4779460171    1 0.0003567606
0.4782608696    2 0.0007135212
0.478569226     1 0.0003567606
0.4790343075    1 0.0003567606
0.4792960663    1 0.0003567606
0.479521109     2 0.0007135212
0.4795221843    2 0.0007135212
0.4797687861    1 0.0003567606
0.48            2 0.0007135212
0.4812967581    1 0.0003567606
0.4814814815    3 0.0010702818
0.4817193676    1 0.0003567606
0.4817927171    1 0.0003567606
0.4819494585    1 0.0003567606
0.4821428571    1 0.0003567606
0.4829325058    3 0.0010702818
0.4830132939    1 0.0003567606
0.4836065574    1 0.0003567606
0.4836138175    1 0.0003567606
0.4836488812    3 0.0010702818
0.4843537415    1 0.0003567606
0.4844444444    1 0.0003567606
0.4846796657    1 0.0003567606
0.485106383     1 0.0003567606
0.4855967078    1 0.0003567606
0.4869281046    1 0.0003567606
0.487109905     1 0.0003567606
0.487804878     1 0.0003567606
0.4878640777    1 0.0003567606
0.4879432624    2 0.0007135212
0.4881889764    1 0.0003567606
0.4882459313    2 0.0007135212
0.4884667571    1 0.0003567606
0.4890282132    1 0.0003567606
0.4890641807    1 0.0003567606
0.4893111639    1 0.0003567606
0.4894366197    1 0.0003567606
0.4898580122    1 0.0003567606
0.4899328859    1 0.0003567606
0.4902506964    1 0.0003567606
0.4903846154    1 0.0003567606
0.490797546     1 0.0003567606
0.4908256881    1 0.0003567606
0.4914529915    2 0.0007135212
0.4916820702    1 0.0003567606
0.4917463076    1 0.0003567606
0.4917647059    1 0.0003567606
0.4919093851    1 0.0003567606
0.4919232711    1 0.0003567606
0.4919786096    1 0.0003567606
0.4920634921    1 0.0003567606
0.4921052632    1 0.0003567606
0.4921135647    1 0.0003567606
0.4924924925    1 0.0003567606
0.4927007299    1 0.0003567606
0.4929051531    1 0.0003567606
0.4929577465    1 0.0003567606
0.4937286203    1 0.0003567606
0.4942172656    5 0.0017838031
0.4942528736    2 0.0007135212
0.4956337655    3 0.0010702818
0.4958071279    1 0.0003567606
0.4958402662    1 0.0003567606
0.4960844399    1 0.0003567606
0.4962593516    1 0.0003567606
0.4962962963    1 0.0003567606
0.4964936886    1 0.0003567606
0.4965800274    1 0.0003567606
0.4968421053    1 0.0003567606
0.4970930233    1 0.0003567606
0.4975          1 0.0003567606
0.4986584107    4 0.0014270425
0.4987654321    1 0.0003567606
0.4998609179    1 0.0003567606
0.5             4 0.0014270425
0.5006134969    1 0.0003567606
0.500714626     1 0.0003567606
0.5008272276    1 0.0003567606
0.5010940919    1 0.0003567606
0.5014326648    1 0.0003567606
0.501650165     1 0.0003567606
0.503030303     1 0.0003567606
0.5035335689    1 0.0003567606
0.5043182413    1 0.0003567606
0.5043352601    1 0.0003567606
0.5046728972    1 0.0003567606
0.5050666667    1 0.0003567606
0.5051059002    2 0.0007135212
0.5055187638    1 0.0003567606
0.5055555556    1 0.0003567606
0.5063291139    1 0.0003567606
0.5065288357    1 0.0003567606
0.5066700227    1 0.0003567606
0.5071243523    1 0.0003567606
0.5071368598    1 0.0003567606
0.5072463768    1 0.0003567606
0.5076252723    3 0.0010702818
0.5076923077    1 0.0003567606
0.5078534031    1 0.0003567606
0.5081585082    1 0.0003567606
0.5084745763    2 0.0007135212
0.5088967972    1 0.0003567606
0.5103448276    1 0.0003567606
0.5105551212    1 0.0003567606
0.5110642782    1 0.0003567606
0.5111111111    1 0.0003567606
0.5117056856    1 0.0003567606
0.5117647059    1 0.0003567606
0.5118733509    2 0.0007135212
0.5120481928    1 0.0003567606
0.5125          1 0.0003567606
0.5128205128    2 0.0007135212
0.5129151292    2 0.0007135212
0.5136778116    1 0.0003567606
0.5137614679    1 0.0003567606
0.5138475624    1 0.0003567606
0.5160202361    1 0.0003567606
0.5167548501    1 0.0003567606
0.5168067227    1 0.0003567606
0.5169946333    1 0.0003567606
0.5171355499    1 0.0003567606
0.5171939477    1 0.0003567606
0.5172413793    1 0.0003567606
0.5174672489    1 0.0003567606
0.5175572519    1 0.0003567606
0.5180540022    1 0.0003567606
0.5183246073    1 0.0003567606
0.5184368106    1 0.0003567606
0.5185185185    1 0.0003567606
0.5186615187    1 0.0003567606
0.5187980433    1 0.0003567606
0.5188335358    1 0.0003567606
0.5189340813    1 0.0003567606
0.5189873418    1 0.0003567606
0.5191256831    1 0.0003567606
0.5192864031    1 0.0003567606
0.5193213949    1 0.0003567606
0.5195071869    1 0.0003567606
0.5199115044    1 0.0003567606
0.520361991     1 0.0003567606
0.5213204952    1 0.0003567606
0.5214180207    1 0.0003567606
0.5217391304    1 0.0003567606
0.5221518987    1 0.0003567606
0.5222672065    1 0.0003567606
0.5225903614    1 0.0003567606
0.5230734767    1 0.0003567606
0.5230769231    1 0.0003567606
0.523364486     1 0.0003567606
0.5242436801    1 0.0003567606
0.5243215566    2 0.0007135212
0.5243553009    1 0.0003567606
0.5250696379    1 0.0003567606
0.5254582485    1 0.0003567606
0.5256410256    1 0.0003567606
0.5258302583    1 0.0003567606
0.525862069     1 0.0003567606
0.5262871152    1 0.0003567606
0.5263157895    1 0.0003567606
0.5275080906    1 0.0003567606
0.5277463194    1 0.0003567606
0.5277777778    1 0.0003567606
0.5281385281    1 0.0003567606
0.5284552846    1 0.0003567606
0.5288461538    1 0.0003567606
0.5292207792    1 0.0003567606
0.5294117647    2 0.0007135212
0.5301204819    1 0.0003567606
0.5302114804    1 0.0003567606
0.5302433372    1 0.0003567606
0.530651341     1 0.0003567606
0.530952381     1 0.0003567606
0.5310509554    1 0.0003567606
0.5314455054    1 0.0003567606
0.5314995563    1 0.0003567606
0.5323529412    1 0.0003567606
0.5324120603    1 0.0003567606
0.5331632653    1 0.0003567606
0.5333333333    1 0.0003567606
0.5337323177    1 0.0003567606
0.5338345865    1 0.0003567606
0.5344735436    1 0.0003567606
0.5346260388    1 0.0003567606
0.5348173516    1 0.0003567606
0.5348837209    2 0.0007135212
0.5352564103    1 0.0003567606
0.5357142857    2 0.0007135212
0.5365344468    1 0.0003567606
0.5370675453    1 0.0003567606
0.5384615385    1 0.0003567606
0.5387365912    1 0.0003567606
0.5388272583    1 0.0003567606
0.5391566265    1 0.0003567606
0.5392156863    2 0.0007135212
0.5398322851    1 0.0003567606
0.5398373984    2 0.0007135212
0.5400372439    1 0.0003567606
0.5403476102    5 0.0017838031
0.5406976744    1 0.0003567606
0.5407725322    1 0.0003567606
0.5408970976    1 0.0003567606
0.5411764706    2 0.0007135212
0.5412844037    3 0.0010702818
0.5418524022    1 0.0003567606
0.5418894831    7 0.0024973243
0.5423688012    1 0.0003567606
0.5425963489    1 0.0003567606
0.5429864253    1 0.0003567606
0.5432960894    1 0.0003567606
0.5433333333    5 0.0017838031
0.5433789954    1 0.0003567606
0.5437956204    1 0.0003567606
0.5438596491    1 0.0003567606
0.544141252     1 0.0003567606
0.5442467913    1 0.0003567606
0.5443425076    1 0.0003567606
0.5449101796    1 0.0003567606
0.5450381679    1 0.0003567606
0.545212766     1 0.0003567606
0.5455840456    1 0.0003567606
0.5458422175    1 0.0003567606
0.5458515284    1 0.0003567606
0.5458715596    1 0.0003567606
0.5460358056    1 0.0003567606
0.5461538462    3 0.0010702818
0.546728972     1 0.0003567606
0.5468277946    1 0.0003567606
0.5490196078    1 0.0003567606
0.5504694836    1 0.0003567606
0.5506473724    1 0.0003567606
0.5515320334    1 0.0003567606
0.5526046987    1 0.0003567606
0.5528913963    1 0.0003567606
0.5530864198    1 0.0003567606
0.5532163743    1 0.0003567606
0.5539568345    1 0.0003567606
0.5541795666    1 0.0003567606
0.5542857143    1 0.0003567606
0.5552631579    1 0.0003567606
0.5555555556    1 0.0003567606
0.555847569     1 0.0003567606
0.5558794947    3 0.0010702818
0.556           1 0.0003567606
0.5561594203    1 0.0003567606
0.5563909774    1 0.0003567606
0.5570469799    1 0.0003567606
0.5570987654    1 0.0003567606
0.5574251115   24 0.0085622547
0.5575          1 0.0003567606
0.5577797998    1 0.0003567606
0.5580029369    1 0.0003567606
0.5585996956    1 0.0003567606
0.5586066616    1 0.0003567606
0.5602605863    1 0.0003567606
0.5603197674    2 0.0007135212
0.5611041405    1 0.0003567606
0.5611814346    1 0.0003567606
0.5614973262    1 0.0003567606
0.5621912887    1 0.0003567606
0.5623268698    1 0.0003567606
0.5627980922    1 0.0003567606
0.5630252101    2 0.0007135212
0.5632653061    1 0.0003567606
0.5633846154    1 0.0003567606
0.5634146341    1 0.0003567606
0.5634920635    2 0.0007135212
0.5640449438    1 0.0003567606
0.5640599002    1 0.0003567606
0.564171123     1 0.0003567606
0.5645491803    1 0.0003567606
0.5652173913    1 0.0003567606
0.5658174098    4 0.0014270425
0.5659574468    1 0.0003567606
0.5659722222    1 0.0003567606
0.5669565217    2 0.0007135212
0.5670103093    2 0.0007135212
0.5674157303    1 0.0003567606
0.5679347826    1 0.0003567606
0.5679758308    1 0.0003567606
0.5681818182    1 0.0003567606
0.5685279188    1 0.0003567606
0.5689655172    1 0.0003567606
0.5696202532    1 0.0003567606
0.5697753574    1 0.0003567606
0.5698198198    1 0.0003567606
0.5701492537    1 0.0003567606
0.5703389831    1 0.0003567606
0.570432357     1 0.0003567606
0.5706479313    1 0.0003567606
0.5711422846    1 0.0003567606
0.5713443396    1 0.0003567606
0.5714285714    2 0.0007135212
0.5724848165    1 0.0003567606
0.5732484076    1 0.0003567606
0.5734597156    1 0.0003567606
0.574025974     2 0.0007135212
0.5744902206    1 0.0003567606
0.5746268657    1 0.0003567606
0.5749559083    1 0.0003567606
0.575257732     1 0.0003567606
0.5754874652    1 0.0003567606
0.5766423358    1 0.0003567606
0.5768739353    1 0.0003567606
0.5773011618    1 0.0003567606
0.5776942356    1 0.0003567606
0.5782484983    1 0.0003567606
0.5788506954    1 0.0003567606
0.5796387521    1 0.0003567606
0.5796610169    1 0.0003567606
0.5798722045    1 0.0003567606
0.5801104972    1 0.0003567606
0.5801282051    1 0.0003567606
0.5809128631    1 0.0003567606
0.5809373769    1 0.0003567606
0.5814581458    1 0.0003567606
0.5820049593    1 0.0003567606
0.5821428571    1 0.0003567606
0.5827338129    1 0.0003567606
0.5833333333    2 0.0007135212
0.5835846618    1 0.0003567606
0.5844155844    1 0.0003567606
0.5847457627    1 0.0003567606
0.5858516484    2 0.0007135212
0.5858585859    1 0.0003567606
0.5862068966    1 0.0003567606
0.5864779874    1 0.0003567606
0.5870786517    1 0.0003567606
0.5892857143    2 0.0007135212
0.5894871795    1 0.0003567606
0.5905292479    1 0.0003567606
0.5914634146    1 0.0003567606
0.5923076923    1 0.0003567606
0.5924369748    1 0.0003567606
0.5930941097    1 0.0003567606
0.5931034483    1 0.0003567606
0.5935251799    1 0.0003567606
0.593837535     1 0.0003567606
0.5940594059    1 0.0003567606
0.5942571785    1 0.0003567606
0.5944333996    1 0.0003567606
0.5945072698    1 0.0003567606
0.595323741     1 0.0003567606
0.596321394     1 0.0003567606
0.5964285714    1 0.0003567606
0.5964912281    1 0.0003567606
0.5966981132    2 0.0007135212
0.596981802     1 0.0003567606
0.5970149254    1 0.0003567606
0.5975903614    1 0.0003567606
0.5984162896    1 0.0003567606
0.5991605456    1 0.0003567606
0.5994550409    1 0.0003567606
0.5997807018    1 0.0003567606
0.6             2 0.0007135212
0.6001712329    1 0.0003567606
0.6005199307    1 0.0003567606
0.600536193     1 0.0003567606
0.6005471956    1 0.0003567606
0.6005665722    1 0.0003567606
0.6006389776    1 0.0003567606
0.6007067138    1 0.0003567606
0.602460246     1 0.0003567606
0.6033013845    1 0.0003567606
0.6033057851    1 0.0003567606
0.6034136546    1 0.0003567606
0.603916614     1 0.0003567606
0.603946102     1 0.0003567606
0.6042240588    1 0.0003567606
0.6047619048    1 0.0003567606
0.6049160671    1 0.0003567606
0.6049337261    1 0.0003567606
0.6052631579    1 0.0003567606
0.6055776892    1 0.0003567606
0.6059322034    1 0.0003567606
0.6061007958    1 0.0003567606
0.6066666667    1 0.0003567606
0.6071428571    1 0.0003567606
0.6072423398    1 0.0003567606
0.6074476338    1 0.0003567606
0.6074825618    1 0.0003567606
0.6082089552    1 0.0003567606
0.6089049338    1 0.0003567606
0.6094276094    1 0.0003567606
0.6096187175    1 0.0003567606
0.6096897115    1 0.0003567606
0.6101265823    1 0.0003567606
0.6106399383    1 0.0003567606
0.6111111111    2 0.0007135212
0.6117318436    1 0.0003567606
0.611814346     1 0.0003567606
0.6118881119    1 0.0003567606
0.612244898     1 0.0003567606
0.6124523507    1 0.0003567606
0.6126674787    1 0.0003567606
0.6128205128    1 0.0003567606
0.6128440367    1 0.0003567606
0.6134969325    1 0.0003567606
0.6135881104    1 0.0003567606
0.6136631331    1 0.0003567606
0.615530303     1 0.0003567606
0.615658363     1 0.0003567606
0.6158536585    1 0.0003567606
0.6160179641    1 0.0003567606
0.616364129     1 0.0003567606
0.6166281755    1 0.0003567606
0.6167076167    1 0.0003567606
0.617816813     1 0.0003567606
0.6180637544    1 0.0003567606
0.6181818182    1 0.0003567606
0.6182926829    1 0.0003567606
0.6184971098    1 0.0003567606
0.618729097     1 0.0003567606
0.6187399031    2 0.0007135212
0.6194824962    1 0.0003567606
0.6197926142    4 0.0014270425
0.6202898551    1 0.0003567606
0.6207407407    1 0.0003567606
0.6211382114    2 0.0007135212
0.6216216216    1 0.0003567606
0.6218905473    1 0.0003567606
0.6221384325    1 0.0003567606
0.6224677716    1 0.0003567606
0.6233834785    1 0.0003567606
0.6233877902    2 0.0007135212
0.6234177215    1 0.0003567606
0.6242424242    1 0.0003567606
0.6243194192    1 0.0003567606
0.625           5 0.0017838031
0.625994695     1 0.0003567606
0.6266941662    1 0.0003567606
0.627016129     1 0.0003567606
0.6276595745    1 0.0003567606
0.6277372263    1 0.0003567606
0.628458498     1 0.0003567606
0.6286705202    1 0.0003567606
0.6288659794    1 0.0003567606
0.6293532338    1 0.0003567606
0.6298788694    1 0.0003567606
0.6300578035    1 0.0003567606
0.6301369863    1 0.0003567606
0.6308724832    1 0.0003567606
0.6312997347    1 0.0003567606
0.6324786325    1 0.0003567606
0.6326530612    1 0.0003567606
0.6333333333    1 0.0003567606
0.6340872375    1 0.0003567606
0.6345454545    1 0.0003567606
0.6357827476    1 0.0003567606
0.6360946746    1 0.0003567606
0.6363636364    1 0.0003567606
0.6365853659    1 0.0003567606
0.6373333333    1 0.0003567606
0.6375921376    1 0.0003567606
0.6376811594    1 0.0003567606
0.637704918     1 0.0003567606
0.6377063423    1 0.0003567606
0.6377952756    1 0.0003567606
0.6379310345    1 0.0003567606
0.6385542169    1 0.0003567606
0.6407035176    1 0.0003567606
0.6421721548    3 0.0010702818
0.6423605223    2 0.0007135212
0.6428571429    1 0.0003567606
0.6430317848    1 0.0003567606
0.643697479     2 0.0007135212
0.6449275362    1 0.0003567606
0.6449787836    1 0.0003567606
0.6454545455    1 0.0003567606
0.6473029046    1 0.0003567606
0.6475849732    1 0.0003567606
0.6481572482    1 0.0003567606
0.6482038932    1 0.0003567606
0.6482326112    1 0.0003567606
0.6483516484    1 0.0003567606
0.6492194674    1 0.0003567606
0.6494252874    1 0.0003567606
0.6494845361    1 0.0003567606
0.6495176849    1 0.0003567606
0.6507936508    1 0.0003567606
0.6511627907    3 0.0010702818
0.6517412935    2 0.0007135212
0.6525423729    1 0.0003567606
0.6528301887    1 0.0003567606
0.6534391534    1 0.0003567606
0.6535825545    1 0.0003567606
0.6537356322    1 0.0003567606
0.6548089592    1 0.0003567606
0.6556390977    1 0.0003567606
0.6557377049    1 0.0003567606
0.65625         1 0.0003567606
0.6565656566    1 0.0003567606
0.6569767442    2 0.0007135212
0.6571774682    1 0.0003567606
0.6573426573    1 0.0003567606
0.6578947368    1 0.0003567606
0.6582633053    1 0.0003567606
0.6596244131    1 0.0003567606
0.6598984772    1 0.0003567606
0.6603773585    1 0.0003567606
0.6608040201    1 0.0003567606
0.6609271523    1 0.0003567606
0.6614173228    1 0.0003567606
0.6620231462    1 0.0003567606
0.6627737226    1 0.0003567606
0.6635157546    1 0.0003567606
0.6636597938    1 0.0003567606
0.6643356643    1 0.0003567606
0.6657848325    1 0.0003567606
0.6666666667    2 0.0007135212
0.6673427992    2 0.0007135212
0.667405765     2 0.0007135212
0.6675461741    1 0.0003567606
0.6681818182    1 0.0003567606
0.6692047377    1 0.0003567606
0.6701720841    4 0.0014270425
0.6702783486    1 0.0003567606
0.6709677419    1 0.0003567606
0.6714527027    1 0.0003567606
0.672332389     1 0.0003567606
0.6725352113   26 0.0092757760
0.6726457399    1 0.0003567606
0.6727989488    1 0.0003567606
0.6753488372    2 0.0007135212
0.6757246377    2 0.0007135212
0.6759689922    1 0.0003567606
0.6772334294    1 0.0003567606
0.6777777778    1 0.0003567606
0.6779661017    1 0.0003567606
0.6781609195    1 0.0003567606
0.6805555556    1 0.0003567606
0.6806722689    1 0.0003567606
0.6809651475    1 0.0003567606
0.681618887     3 0.0010702818
0.682           1 0.0003567606
0.6821576763    1 0.0003567606
0.6827838828    1 0.0003567606
0.6838709677    1 0.0003567606
0.6842105263    1 0.0003567606
0.6848958333    1 0.0003567606
0.6852791878    1 0.0003567606
0.6854531607    1 0.0003567606
0.6855263158    2 0.0007135212
0.6857142857    1 0.0003567606
0.6863057325    1 0.0003567606
0.6871794872    1 0.0003567606
0.6884430727    2 0.0007135212
0.6886792453    1 0.0003567606
0.6904761905    1 0.0003567606
0.6908396947    1 0.0003567606
0.6908646003    1 0.0003567606
0.6923076923    1 0.0003567606
0.6930232558    1 0.0003567606
0.6933333333    1 0.0003567606
0.6935483871    3 0.0010702818
0.6957831325    1 0.0003567606
0.6959287532    1 0.0003567606
0.6963979417    1 0.0003567606
0.6968838527    1 0.0003567606
0.6976090014    1 0.0003567606
0.700947226     1 0.0003567606
0.7024329382    1 0.0003567606
0.7034220532    1 0.0003567606
0.7041343669    1 0.0003567606
0.7043931497    4 0.0014270425
0.7048780488    1 0.0003567606
0.7051409619    2 0.0007135212
0.7058823529    1 0.0003567606
0.7062561095    1 0.0003567606
0.7069943289    1 0.0003567606
0.7083820663    1 0.0003567606
0.7086092715    1 0.0003567606
0.7093311313    1 0.0003567606
0.70966699      1 0.0003567606
0.7100840336    1 0.0003567606
0.7105633803    1 0.0003567606
0.7125748503    1 0.0003567606
0.7136929461    2 0.0007135212
0.713740458     1 0.0003567606
0.7137858642    1 0.0003567606
0.7138263666    1 0.0003567606
0.7142857143    1 0.0003567606
0.715339233     1 0.0003567606
0.7154471545    1 0.0003567606
0.7156862745    1 0.0003567606
0.7162629758    1 0.0003567606
0.7170418006    1 0.0003567606
0.7170868347    1 0.0003567606
0.7171717172    1 0.0003567606
0.7176943066    1 0.0003567606
0.718424102     1 0.0003567606
0.7196782178    1 0.0003567606
0.7213114754    1 0.0003567606
0.721448468     1 0.0003567606
0.7229129663    1 0.0003567606
0.7232704403    1 0.0003567606
0.723880597     1 0.0003567606
0.7253333333    1 0.0003567606
0.7261410788    1 0.0003567606
0.7266763848    1 0.0003567606
0.7275985663    1 0.0003567606
0.7276379784    1 0.0003567606
0.7276595745    1 0.0003567606
0.7279069767    1 0.0003567606
0.7287356322    3 0.0010702818
0.7294117647    1 0.0003567606
0.7303921569    1 0.0003567606
0.7304170905    1 0.0003567606
0.7311827957    1 0.0003567606
0.7328918322    1 0.0003567606
0.7337110482    1 0.0003567606
0.734335129     1 0.0003567606
0.7346153846    1 0.0003567606
0.7371601208    1 0.0003567606
0.7376654633    1 0.0003567606
0.7388758782    1 0.0003567606
0.7424242424    1 0.0003567606
0.7435897436    1 0.0003567606
0.7447698745    1 0.0003567606
0.7450980392    1 0.0003567606
0.7455621302    1 0.0003567606
0.7469135802    1 0.0003567606
0.7476038339    1 0.0003567606
0.7477477477    1 0.0003567606
0.7482993197    1 0.0003567606
0.7490774908    1 0.0003567606
0.75            1 0.0003567606
0.7507002801    1 0.0003567606
0.7507598784    1 0.0003567606
0.7513227513    1 0.0003567606
0.751659751     1 0.0003567606
0.7531992687    1 0.0003567606
0.7539267016    1 0.0003567606
0.754           1 0.0003567606
0.7540983607    1 0.0003567606
0.7543103448    1 0.0003567606
0.7543424318    1 0.0003567606
0.7549019608    1 0.0003567606
0.756097561     1 0.0003567606
0.7564818794    1 0.0003567606
0.7573529412    1 0.0003567606
0.7577130529    1 0.0003567606
0.7585199611    1 0.0003567606
0.7593360996    1 0.0003567606
0.76            1 0.0003567606
0.7602790015    1 0.0003567606
0.7605893186    2 0.0007135212
0.7610294118    2 0.0007135212
0.7612612613    1 0.0003567606
0.7614678899    1 0.0003567606
0.7615384615    1 0.0003567606
0.762991128     1 0.0003567606
0.7632575758    1 0.0003567606
0.7651006711    1 0.0003567606
0.7654320988    1 0.0003567606
0.767251462     1 0.0003567606
0.7694300518    1 0.0003567606
0.7697841727    1 0.0003567606
0.7723076923    1 0.0003567606
0.7731958763    1 0.0003567606
0.7745945946    1 0.0003567606
0.7756410256    1 0.0003567606
0.775862069     1 0.0003567606
0.7794520548    1 0.0003567606
0.7796610169    1 0.0003567606
0.781779661     1 0.0003567606
0.7820512821    1 0.0003567606
0.7826086957    1 0.0003567606
0.7835051546    1 0.0003567606
0.7835820896    1 0.0003567606
0.7836065574    1 0.0003567606
0.7843137255    1 0.0003567606
0.784660767     1 0.0003567606
0.7850877193    1 0.0003567606
0.785202864     1 0.0003567606
0.785440613     1 0.0003567606
0.7869623656    1 0.0003567606
0.7876712329    1 0.0003567606
0.7897727273    1 0.0003567606
0.7904411765    1 0.0003567606
0.7911392405    1 0.0003567606
0.7927135678    1 0.0003567606
0.7943925234    1 0.0003567606
0.795620438     1 0.0003567606
0.7957746479    1 0.0003567606
0.7975830816    1 0.0003567606
0.8002754821    1 0.0003567606
0.8028169014    2 0.0007135212
0.8032786885    1 0.0003567606
0.8070175439    1 0.0003567606
0.8073394495    1 0.0003567606
0.8101851852    1 0.0003567606
0.8103896104    1 0.0003567606
0.8115942029    1 0.0003567606
0.8125          1 0.0003567606
0.8126888218    1 0.0003567606
0.8150134048    1 0.0003567606
0.8173913043    1 0.0003567606
0.8175895765    1 0.0003567606
0.8181818182    1 0.0003567606
0.8193548387    1 0.0003567606
0.8194444444    1 0.0003567606
0.8199052133    1 0.0003567606
0.8238482385    1 0.0003567606
0.824742268     1 0.0003567606
0.8249516441    1 0.0003567606
0.825           1 0.0003567606
0.8257261411    1 0.0003567606
0.8269961977    1 0.0003567606
0.8275862069    1 0.0003567606
0.8277945619    1 0.0003567606
0.8284637135    1 0.0003567606
0.8284789644    1 0.0003567606
0.8288288288    2 0.0007135212
0.8292011019    1 0.0003567606
0.8311688312    1 0.0003567606
0.8319088319    1 0.0003567606
0.8320754717    1 0.0003567606
0.8326180258    1 0.0003567606
0.8352112676    1 0.0003567606
0.8371104816    1 0.0003567606
0.8373702422    1 0.0003567606
0.8402695204    1 0.0003567606
0.8404255319    1 0.0003567606
0.8407079646    1 0.0003567606
0.8407155026    1 0.0003567606
0.8418367347    1 0.0003567606
0.8421052632    1 0.0003567606
0.8422939068    1 0.0003567606
0.8432835821    1 0.0003567606
0.84375         2 0.0007135212
0.8438438438    1 0.0003567606
0.8442118227    1 0.0003567606
0.8456692913    1 0.0003567606
0.8463035019    1 0.0003567606
0.8481481481    1 0.0003567606
0.8483412322    1 0.0003567606
0.8513513514    1 0.0003567606
0.8516746411    1 0.0003567606
0.8518518519    1 0.0003567606
0.853125        1 0.0003567606
0.8536585366    1 0.0003567606
0.8543046358    1 0.0003567606
0.8545454545    1 0.0003567606
0.857805255     1 0.0003567606
0.8579626973    1 0.0003567606
0.8607142857    1 0.0003567606
0.8607594937    1 0.0003567606
0.8609865471    1 0.0003567606
0.8630573248    1 0.0003567606
0.868627451     1 0.0003567606
0.8687150838    1 0.0003567606
0.8707865169    1 0.0003567606
0.8738170347    1 0.0003567606
0.8744939271    1 0.0003567606
0.8785714286    1 0.0003567606
0.8796296296    1 0.0003567606
0.8845228549    1 0.0003567606
0.8873085339    1 0.0003567606
0.8879310345    1 0.0003567606
0.8879524046    2 0.0007135212
0.8933717579    1 0.0003567606
0.8947368421    1 0.0003567606
0.8972895863    1 0.0003567606
0.9031339031    1 0.0003567606
0.9074492099    1 0.0003567606
0.9101796407    1 0.0003567606
0.9103053435    1 0.0003567606
0.9230118443    1 0.0003567606
0.9244712991    1 0.0003567606
0.9322033898    6 0.0021405637
0.9341563786    1 0.0003567606
