SAT Frequency 
[1] 1263
    SAT         SATF
400   2 0.0015835313
420   4 0.0031670625
430   3 0.0023752969
440   6 0.0047505938
450   9 0.0071258907
460   5 0.0039588282
468   1 0.0007917656
470  26 0.0205859066
472   1 0.0007917656
475   1 0.0007917656
480   7 0.0055423595
485   1 0.0007917656
490  17 0.0134600158
493   2 0.0015835313
494   1 0.0007917656
499   1 0.0007917656
500  33 0.0261282660
505   1 0.0007917656
510  36 0.0285035629
520  48 0.0380047506
521   1 0.0007917656
523   1 0.0007917656
525   5 0.0039588282
530  66 0.0522565321
533   2 0.0015835313
535   2 0.0015835313
536   1 0.0007917656
537   1 0.0007917656
538   1 0.0007917656
540  80 0.0633412510
543   3 0.0023752969
544   1 0.0007917656
545   2 0.0015835313
548   2 0.0015835313
550  57 0.0451306413
555   2 0.0015835313
558   3 0.0023752969
560  86 0.0680918448
563   1 0.0007917656
565   1 0.0007917656
567   1 0.0007917656
568   1 0.0007917656
570  73 0.0577988915
575   2 0.0015835313
577   1 0.0007917656
578   3 0.0023752969
580  88 0.0696753761
583   1 0.0007917656
588   4 0.0031670625
590  58 0.0459224070
596   1 0.0007917656
598   2 0.0015835313
600  52 0.0411718131
604   1 0.0007917656
605   3 0.0023752969
606   1 0.0007917656
607   1 0.0007917656
608   1 0.0007917656
609   1 0.0007917656
610  82 0.0649247823
611   1 0.0007917656
612   1 0.0007917656
615   2 0.0015835313
618   1 0.0007917656
620  42 0.0332541568
625   2 0.0015835313
628   1 0.0007917656
630  32 0.0253365004
633   2 0.0015835313
635   3 0.0023752969
640  29 0.0229612035
642   1 0.0007917656
645   1 0.0007917656
649   1 0.0007917656
650  46 0.0364212193
651   2 0.0015835313
655   1 0.0007917656
660  18 0.0142517815
665   1 0.0007917656
670  26 0.0205859066
679   1 0.0007917656
680  26 0.0205859066
681   1 0.0007917656
685   1 0.0007917656
688   1 0.0007917656
690  18 0.0142517815
692   1 0.0007917656
700  12 0.0095011876
710  16 0.0126682502
718   1 0.0007917656
720  12 0.0095011876
730   5 0.0039588282
740  15 0.0118764846
750   4 0.0031670625
760   9 0.0071258907
770   7 0.0055423595
773   1 0.0007917656
780  11 0.0087094220
790   3 0.0023752969
800   5 0.0039588282
ACT Frequency 
[1] 1103
   ACT        ACTF
16   4 0.003626473
17   7 0.006346328
18  19 0.017225748
19  22 0.019945603
20  28 0.025385313
21  33 0.029918404
22  61 0.055303717
23 128 0.116047144
24 179 0.162284678
25 192 0.174070716
26 144 0.130553037
27  94 0.085222121
28  57 0.051677244
29  32 0.029011786
30  22 0.019945603
31  20 0.018132366
32  13 0.011786038
33  21 0.019038985
34  13 0.011786038
35  12 0.010879420
36   2 0.001813237
ADM_RATE Frequency 
[1] 1935
       ADM         ADMF
0.0626   1 0.0005167959
0.0636   1 0.0005167959
0.071    1 0.0005167959
0.0773   1 0.0005167959
0.0788   1 0.0005167959
0.0846   1 0.0005167959
0.0891   1 0.0005167959
0.0894   1 0.0005167959
0.0954   1 0.0005167959
0.0973   1 0.0005167959
0.1168   1 0.0005167959
0.1243   1 0.0005167959
0.1245   1 0.0005167959
0.1277   1 0.0005167959
0.1293   1 0.0005167959
0.1332   1 0.0005167959
0.1403   1 0.0005167959
0.1412   1 0.0005167959
0.1508   1 0.0005167959
0.1611   1 0.0005167959
0.1613   1 0.0005167959
0.1626   1 0.0005167959
0.1641   1 0.0005167959
0.1642   1 0.0005167959
0.1648   1 0.0005167959
0.1652   1 0.0005167959
0.1722   1 0.0005167959
0.1797   1 0.0005167959
0.1822   1 0.0005167959
0.1872   1 0.0005167959
0.1882   1 0.0005167959
0.1906   1 0.0005167959
0.194    1 0.0005167959
0.2015   1 0.0005167959
0.2016   1 0.0005167959
0.2026   1 0.0005167959
0.2028   1 0.0005167959
0.2055   1 0.0005167959
0.2082   1 0.0005167959
0.2099   1 0.0005167959
0.2143   1 0.0005167959
0.2154   1 0.0005167959
0.2186   1 0.0005167959
0.2197   1 0.0005167959
0.2222   1 0.0005167959
0.2252   1 0.0005167959
0.2266   1 0.0005167959
0.2281   1 0.0005167959
0.2302   1 0.0005167959
0.2308   1 0.0005167959
0.2313   1 0.0005167959
0.2413   1 0.0005167959
0.2429   1 0.0005167959
0.2438   1 0.0005167959
0.2455   1 0.0005167959
0.2469   1 0.0005167959
0.2478   1 0.0005167959
0.248    1 0.0005167959
0.2482   1 0.0005167959
0.2488   1 0.0005167959
0.2495   1 0.0005167959
0.2507   1 0.0005167959
0.2513   1 0.0005167959
0.2538   1 0.0005167959
0.2554   1 0.0005167959
0.2576   1 0.0005167959
0.2605   1 0.0005167959
0.2689   1 0.0005167959
0.2692   1 0.0005167959
0.2701   1 0.0005167959
0.2716   1 0.0005167959
0.2725   1 0.0005167959
0.2737   1 0.0005167959
0.2756   1 0.0005167959
0.2793   1 0.0005167959
0.2798   1 0.0005167959
0.2801   1 0.0005167959
0.2885   1 0.0005167959
0.2886   1 0.0005167959
0.2887   1 0.0005167959
0.2888   1 0.0005167959
0.2937   1 0.0005167959
0.2941   1 0.0005167959
0.2942   1 0.0005167959
0.2944   1 0.0005167959
0.2965   1 0.0005167959
0.2976   1 0.0005167959
0.2985   1 0.0005167959
0.2999   1 0.0005167959
0.302    1 0.0005167959
0.3028   1 0.0005167959
0.304    1 0.0005167959
0.3044   1 0.0005167959
0.3068   1 0.0005167959
0.3095   1 0.0005167959
0.3099   1 0.0005167959
0.3109   1 0.0005167959
0.3127   1 0.0005167959
0.3134   1 0.0005167959
0.3137   1 0.0005167959
0.3156   1 0.0005167959
0.3165   1 0.0005167959
0.3169   1 0.0005167959
0.3179   1 0.0005167959
0.3191   1 0.0005167959
0.3214   1 0.0005167959
0.3227   1 0.0005167959
0.3235   1 0.0005167959
0.3254   1 0.0005167959
0.3261   1 0.0005167959
0.327    1 0.0005167959
0.3271   1 0.0005167959
0.331    1 0.0005167959
0.3311   1 0.0005167959
0.3312   1 0.0005167959
0.3323   1 0.0005167959
0.3327   1 0.0005167959
0.3337   1 0.0005167959
0.3338   1 0.0005167959
0.3346   1 0.0005167959
0.3347   1 0.0005167959
0.3356   1 0.0005167959
0.3365   1 0.0005167959
0.3372   1 0.0005167959
0.3373   1 0.0005167959
0.3383   1 0.0005167959
0.3384   1 0.0005167959
0.3388   1 0.0005167959
0.341    1 0.0005167959
0.3421   1 0.0005167959
0.3444   1 0.0005167959
0.3449   1 0.0005167959
0.3453   1 0.0005167959
0.3456   2 0.0010335917
0.3457   1 0.0005167959
0.3464   1 0.0005167959
0.3477   1 0.0005167959
0.3487   1 0.0005167959
0.3496   1 0.0005167959
0.3497   1 0.0005167959
0.3525   1 0.0005167959
0.3558   1 0.0005167959
0.3578   1 0.0005167959
0.3584   1 0.0005167959
0.3629   1 0.0005167959
0.3643   1 0.0005167959
0.3683   1 0.0005167959
0.3691   1 0.0005167959
0.3699   1 0.0005167959
0.3702   1 0.0005167959
0.3706   1 0.0005167959
0.3717   1 0.0005167959
0.3725   1 0.0005167959
0.3732   1 0.0005167959
0.374    1 0.0005167959
0.3741   1 0.0005167959
0.375    1 0.0005167959
0.3758   1 0.0005167959
0.3764   1 0.0005167959
0.3766   1 0.0005167959
0.3788   1 0.0005167959
0.379    1 0.0005167959
0.3805   1 0.0005167959
0.381    1 0.0005167959
0.3833   2 0.0010335917
0.3839   1 0.0005167959
0.3846   1 0.0005167959
0.3851   1 0.0005167959
0.3853   1 0.0005167959
0.3858   1 0.0005167959
0.3871   1 0.0005167959
0.3877   1 0.0005167959
0.3881   1 0.0005167959
0.3886   1 0.0005167959
0.3915   1 0.0005167959
0.3918   1 0.0005167959
0.3922   1 0.0005167959
0.3939   1 0.0005167959
0.3946   1 0.0005167959
0.3947   1 0.0005167959
0.3949   1 0.0005167959
0.3963   1 0.0005167959
0.3966   1 0.0005167959
0.3969   1 0.0005167959
0.3983   1 0.0005167959
0.3985   2 0.0010335917
0.3986   2 0.0010335917
0.3999   1 0.0005167959
0.4      1 0.0005167959
0.4004   1 0.0005167959
0.4007   1 0.0005167959
0.4014   1 0.0005167959
0.4018   1 0.0005167959
0.4022   1 0.0005167959
0.4027   1 0.0005167959
0.4031   1 0.0005167959
0.4037   1 0.0005167959
0.404    1 0.0005167959
0.4045   1 0.0005167959
0.4053   1 0.0005167959
0.4058   1 0.0005167959
0.4059   1 0.0005167959
0.406    1 0.0005167959
0.4062   1 0.0005167959
0.4068   1 0.0005167959
0.4081   2 0.0010335917
0.4083   1 0.0005167959
0.4095   2 0.0010335917
0.411    1 0.0005167959
0.4112   1 0.0005167959
0.4127   1 0.0005167959
0.4134   1 0.0005167959
0.4138   1 0.0005167959
0.4161   1 0.0005167959
0.4162   1 0.0005167959
0.4163   1 0.0005167959
0.4167   1 0.0005167959
0.4169   1 0.0005167959
0.4171   1 0.0005167959
0.4184   2 0.0010335917
0.4192   1 0.0005167959
0.4194   1 0.0005167959
0.4197   1 0.0005167959
0.4206   1 0.0005167959
0.4218   1 0.0005167959
0.4236   1 0.0005167959
0.4239   1 0.0005167959
0.4241   1 0.0005167959
0.4265   2 0.0010335917
0.4278   1 0.0005167959
0.4286   1 0.0005167959
0.4293   1 0.0005167959
0.4298   1 0.0005167959
0.431    1 0.0005167959
0.4316   1 0.0005167959
0.4318   2 0.0010335917
0.4322   2 0.0010335917
0.4323   1 0.0005167959
0.4328   1 0.0005167959
0.4329   1 0.0005167959
0.4335   1 0.0005167959
0.4336   1 0.0005167959
0.4341   1 0.0005167959
0.4343   1 0.0005167959
0.4345   1 0.0005167959
0.4347   1 0.0005167959
0.4348   1 0.0005167959
0.4353   2 0.0010335917
0.4355   1 0.0005167959
0.4371   1 0.0005167959
0.4374   1 0.0005167959
0.4386   1 0.0005167959
0.4397   1 0.0005167959
0.4398   1 0.0005167959
0.4399   1 0.0005167959
0.4404   1 0.0005167959
0.4412   1 0.0005167959
0.4415   1 0.0005167959
0.4431   1 0.0005167959
0.4432   1 0.0005167959
0.4434   1 0.0005167959
0.4442   1 0.0005167959
0.4444   2 0.0010335917
0.4447   2 0.0010335917
0.4449   1 0.0005167959
0.4455   2 0.0010335917
0.4456   1 0.0005167959
0.446    1 0.0005167959
0.4465   2 0.0010335917
0.4467   2 0.0010335917
0.4474   1 0.0005167959
0.448    2 0.0010335917
0.4484   1 0.0005167959
0.4485   1 0.0005167959
0.4487   1 0.0005167959
0.4488   1 0.0005167959
0.4495   1 0.0005167959
0.4505   1 0.0005167959
0.451    1 0.0005167959
0.4515   1 0.0005167959
0.4521   1 0.0005167959
0.4522   1 0.0005167959
0.454    1 0.0005167959
0.4544   2 0.0010335917
0.4545   1 0.0005167959
0.4547   2 0.0010335917
0.455    1 0.0005167959
0.4555   2 0.0010335917
0.4562   1 0.0005167959
0.4563   1 0.0005167959
0.4565   1 0.0005167959
0.4587   1 0.0005167959
0.4588   1 0.0005167959
0.4599   1 0.0005167959
0.4601   1 0.0005167959
0.4612   1 0.0005167959
0.4615   1 0.0005167959
0.4618   1 0.0005167959
0.4625   1 0.0005167959
0.4626   1 0.0005167959
0.4627   1 0.0005167959
0.463    1 0.0005167959
0.4633   1 0.0005167959
0.464    1 0.0005167959
0.4647   1 0.0005167959
0.4651   1 0.0005167959
0.4653   1 0.0005167959
0.4654   1 0.0005167959
0.4656   1 0.0005167959
0.4658   1 0.0005167959
0.4659   1 0.0005167959
0.4661   1 0.0005167959
0.4664   2 0.0010335917
0.4665   1 0.0005167959
0.4666   2 0.0010335917
0.4672   1 0.0005167959
0.4683   1 0.0005167959
0.4697   1 0.0005167959
0.4703   1 0.0005167959
0.4709   1 0.0005167959
0.4714   2 0.0010335917
0.4716   1 0.0005167959
0.4732   1 0.0005167959
0.4734   1 0.0005167959
0.4738   1 0.0005167959
0.4742   1 0.0005167959
0.4748   1 0.0005167959
0.4749   1 0.0005167959
0.4752   1 0.0005167959
0.4757   1 0.0005167959
0.4764   1 0.0005167959
0.4767   1 0.0005167959
0.4772   1 0.0005167959
0.4773   1 0.0005167959
0.4776   1 0.0005167959
0.4787   1 0.0005167959
0.4789   1 0.0005167959
0.479    2 0.0010335917
0.4801   1 0.0005167959
0.4806   1 0.0005167959
0.482    1 0.0005167959
0.4827   1 0.0005167959
0.4828   1 0.0005167959
0.4831   2 0.0010335917
0.4833   1 0.0005167959
0.4835   1 0.0005167959
0.4838   1 0.0005167959
0.4839   1 0.0005167959
0.4842   1 0.0005167959
0.4843   1 0.0005167959
0.4848   1 0.0005167959
0.4851   1 0.0005167959
0.4854   1 0.0005167959
0.4863   1 0.0005167959
0.4869   1 0.0005167959
0.4881   2 0.0010335917
0.4883   1 0.0005167959
0.4885   1 0.0005167959
0.4886   1 0.0005167959
0.4893   1 0.0005167959
0.4895   1 0.0005167959
0.4901   1 0.0005167959
0.4915   1 0.0005167959
0.4922   1 0.0005167959
0.4926   2 0.0010335917
0.4937   1 0.0005167959
0.495    2 0.0010335917
0.4954   1 0.0005167959
0.4957   1 0.0005167959
0.4994   1 0.0005167959
0.4997   1 0.0005167959
0.4999   1 0.0005167959
0.5      5 0.0025839793
0.501    1 0.0005167959
0.5012   1 0.0005167959
0.5014   1 0.0005167959
0.5029   1 0.0005167959
0.503    1 0.0005167959
0.504    1 0.0005167959
0.5052   1 0.0005167959
0.5056   1 0.0005167959
0.5061   1 0.0005167959
0.5063   2 0.0010335917
0.5075   1 0.0005167959
0.5078   1 0.0005167959
0.508    1 0.0005167959
0.5085   1 0.0005167959
0.5088   1 0.0005167959
0.509    2 0.0010335917
0.5104   1 0.0005167959
0.5106   1 0.0005167959
0.511    1 0.0005167959
0.5114   1 0.0005167959
0.5119   1 0.0005167959
0.5125   2 0.0010335917
0.5126   2 0.0010335917
0.5127   1 0.0005167959
0.5139   1 0.0005167959
0.5149   1 0.0005167959
0.5151   1 0.0005167959
0.5162   1 0.0005167959
0.5165   1 0.0005167959
0.5169   1 0.0005167959
0.5175   2 0.0010335917
0.5182   1 0.0005167959
0.5183   1 0.0005167959
0.5184   1 0.0005167959
0.5193   1 0.0005167959
0.5196   1 0.0005167959
0.52     1 0.0005167959
0.5204   2 0.0010335917
0.5213   1 0.0005167959
0.5215   1 0.0005167959
0.5217   2 0.0010335917
0.5224   1 0.0005167959
0.5227   1 0.0005167959
0.523    2 0.0010335917
0.5231   1 0.0005167959
0.524    2 0.0010335917
0.5241   1 0.0005167959
0.5242   1 0.0005167959
0.5246   1 0.0005167959
0.5248   1 0.0005167959
0.5254   1 0.0005167959
0.5262   1 0.0005167959
0.5267   1 0.0005167959
0.527    1 0.0005167959
0.5276   1 0.0005167959
0.5279   1 0.0005167959
0.5287   1 0.0005167959
0.5291   1 0.0005167959
0.5292   1 0.0005167959
0.5294   1 0.0005167959
0.5295   1 0.0005167959
0.5296   1 0.0005167959
0.5303   1 0.0005167959
0.5306   1 0.0005167959
0.5309   1 0.0005167959
0.5311   1 0.0005167959
0.5323   1 0.0005167959
0.5335   1 0.0005167959
0.5336   1 0.0005167959
0.5337   1 0.0005167959
0.5341   1 0.0005167959
0.5343   1 0.0005167959
0.5344   1 0.0005167959
0.535    1 0.0005167959
0.5352   1 0.0005167959
0.5353   1 0.0005167959
0.5354   1 0.0005167959
0.5357   2 0.0010335917
0.5359   1 0.0005167959
0.5373   1 0.0005167959
0.5379   1 0.0005167959
0.538    1 0.0005167959
0.5382   1 0.0005167959
0.5385   3 0.0015503876
0.5387   1 0.0005167959
0.5401   1 0.0005167959
0.5404   1 0.0005167959
0.5408   1 0.0005167959
0.5411   1 0.0005167959
0.5417   1 0.0005167959
0.5418   1 0.0005167959
0.5421   2 0.0010335917
0.5422   1 0.0005167959
0.5443   1 0.0005167959
0.5444   1 0.0005167959
0.5445   1 0.0005167959
0.5447   1 0.0005167959
0.5451   1 0.0005167959
0.5456   1 0.0005167959
0.5457   1 0.0005167959
0.546    1 0.0005167959
0.5461   1 0.0005167959
0.5467   1 0.0005167959
0.5478   1 0.0005167959
0.5479   2 0.0010335917
0.5483   1 0.0005167959
0.5484   1 0.0005167959
0.5487   1 0.0005167959
0.549    1 0.0005167959
0.5493   1 0.0005167959
0.5496   2 0.0010335917
0.5509   1 0.0005167959
0.5516   1 0.0005167959
0.5524   1 0.0005167959
0.5526   1 0.0005167959
0.5533   1 0.0005167959
0.5534   1 0.0005167959
0.5543   1 0.0005167959
0.5546   1 0.0005167959
0.5547   1 0.0005167959
0.555    1 0.0005167959
0.5551   1 0.0005167959
0.5553   1 0.0005167959
0.5556   2 0.0010335917
0.556    1 0.0005167959
0.5563   1 0.0005167959
0.5571   1 0.0005167959
0.5572   1 0.0005167959
0.5574   1 0.0005167959
0.5579   1 0.0005167959
0.5583   2 0.0010335917
0.559    1 0.0005167959
0.5591   2 0.0010335917
0.5594   1 0.0005167959
0.5595   1 0.0005167959
0.5603   1 0.0005167959
0.561    1 0.0005167959
0.5617   1 0.0005167959
0.5621   1 0.0005167959
0.5633   1 0.0005167959
0.5638   1 0.0005167959
0.5646   1 0.0005167959
0.565    1 0.0005167959
0.5653   2 0.0010335917
0.5657   2 0.0010335917
0.5658   1 0.0005167959
0.566    2 0.0010335917
0.5665   1 0.0005167959
0.5666   1 0.0005167959
0.5668   1 0.0005167959
0.5671   1 0.0005167959
0.5672   1 0.0005167959
0.5682   1 0.0005167959
0.5683   1 0.0005167959
0.5684   1 0.0005167959
0.57     1 0.0005167959
0.5702   1 0.0005167959
0.5704   1 0.0005167959
0.5705   2 0.0010335917
0.5709   1 0.0005167959
0.5711   1 0.0005167959
0.5714   2 0.0010335917
0.5717   1 0.0005167959
0.5718   1 0.0005167959
0.572    1 0.0005167959
0.5724   1 0.0005167959
0.5725   1 0.0005167959
0.5728   1 0.0005167959
0.5736   1 0.0005167959
0.5737   1 0.0005167959
0.5744   1 0.0005167959
0.5749   1 0.0005167959
0.575    3 0.0015503876
0.5751   1 0.0005167959
0.5753   1 0.0005167959
0.5759   2 0.0010335917
0.5762   1 0.0005167959
0.5766   1 0.0005167959
0.5767   1 0.0005167959
0.5769   2 0.0010335917
0.5776   1 0.0005167959
0.5777   1 0.0005167959
0.5778   1 0.0005167959
0.5785   1 0.0005167959
0.5792   1 0.0005167959
0.5793   2 0.0010335917
0.5794   3 0.0015503876
0.5795   1 0.0005167959
0.5796   1 0.0005167959
0.5797   2 0.0010335917
0.5798   1 0.0005167959
0.5802   2 0.0010335917
0.5806   1 0.0005167959
0.5811   1 0.0005167959
0.5815   1 0.0005167959
0.5817   1 0.0005167959
0.5823   1 0.0005167959
0.5833   1 0.0005167959
0.5838   1 0.0005167959
0.5844   1 0.0005167959
0.5847   1 0.0005167959
0.5849   1 0.0005167959
0.585    2 0.0010335917
0.5859   1 0.0005167959
0.586    1 0.0005167959
0.5862   1 0.0005167959
0.5866   1 0.0005167959
0.5868   2 0.0010335917
0.5869   1 0.0005167959
0.5872   1 0.0005167959
0.5882   1 0.0005167959
0.5889   1 0.0005167959
0.5891   1 0.0005167959
0.5895   1 0.0005167959
0.5897   1 0.0005167959
0.5901   1 0.0005167959
0.5912   2 0.0010335917
0.5918   1 0.0005167959
0.5926   1 0.0005167959
0.5927   1 0.0005167959
0.593    1 0.0005167959
0.5931   1 0.0005167959
0.5932   1 0.0005167959
0.5933   1 0.0005167959
0.5938   1 0.0005167959
0.5948   1 0.0005167959
0.5951   1 0.0005167959
0.5954   1 0.0005167959
0.5955   1 0.0005167959
0.5959   1 0.0005167959
0.5961   1 0.0005167959
0.5964   1 0.0005167959
0.5966   1 0.0005167959
0.5968   1 0.0005167959
0.5969   1 0.0005167959
0.5976   1 0.0005167959
0.598    1 0.0005167959
0.5987   1 0.0005167959
0.5988   1 0.0005167959
0.5992   1 0.0005167959
0.6      3 0.0015503876
0.6001   1 0.0005167959
0.6008   1 0.0005167959
0.6009   1 0.0005167959
0.601    1 0.0005167959
0.6012   1 0.0005167959
0.6016   1 0.0005167959
0.6017   1 0.0005167959
0.6021   1 0.0005167959
0.6047   1 0.0005167959
0.6053   1 0.0005167959
0.6054   2 0.0010335917
0.6056   1 0.0005167959
0.6059   1 0.0005167959
0.6066   1 0.0005167959
0.6074   1 0.0005167959
0.6077   1 0.0005167959
0.6081   2 0.0010335917
0.6082   1 0.0005167959
0.6083   1 0.0005167959
0.6085   1 0.0005167959
0.6086   2 0.0010335917
0.6087   1 0.0005167959
0.609    1 0.0005167959
0.6091   1 0.0005167959
0.6096   1 0.0005167959
0.6099   2 0.0010335917
0.6102   1 0.0005167959
0.6103   2 0.0010335917
0.6104   1 0.0005167959
0.6111   1 0.0005167959
0.6112   1 0.0005167959
0.6113   1 0.0005167959
0.6114   1 0.0005167959
0.6115   1 0.0005167959
0.6119   1 0.0005167959
0.612    1 0.0005167959
0.6121   2 0.0010335917
0.6123   1 0.0005167959
0.6126   1 0.0005167959
0.6129   1 0.0005167959
0.613    1 0.0005167959
0.6136   1 0.0005167959
0.6137   1 0.0005167959
0.6139   1 0.0005167959
0.614    2 0.0010335917
0.6142   1 0.0005167959
0.6144   1 0.0005167959
0.6147   2 0.0010335917
0.6154   1 0.0005167959
0.6155   1 0.0005167959
0.6156   1 0.0005167959
0.6158   1 0.0005167959
0.6159   1 0.0005167959
0.6165   1 0.0005167959
0.6166   1 0.0005167959
0.617    1 0.0005167959
0.6172   1 0.0005167959
0.6176   1 0.0005167959
0.6189   1 0.0005167959
0.619    2 0.0010335917
0.6193   1 0.0005167959
0.6198   1 0.0005167959
0.6199   3 0.0015503876
0.6204   1 0.0005167959
0.6205   1 0.0005167959
0.6211   1 0.0005167959
0.6218   1 0.0005167959
0.6222   1 0.0005167959
0.6224   1 0.0005167959
0.6233   1 0.0005167959
0.6234   1 0.0005167959
0.6236   1 0.0005167959
0.6237   1 0.0005167959
0.6238   1 0.0005167959
0.6239   1 0.0005167959
0.6244   2 0.0010335917
0.6246   1 0.0005167959
0.6249   2 0.0010335917
0.6255   1 0.0005167959
0.6265   1 0.0005167959
0.6269   1 0.0005167959
0.6271   1 0.0005167959
0.6272   1 0.0005167959
0.6278   1 0.0005167959
0.6279   1 0.0005167959
0.6281   3 0.0015503876
0.6282   2 0.0010335917
0.6283   2 0.0010335917
0.6284   1 0.0005167959
0.6287   1 0.0005167959
0.6289   2 0.0010335917
0.629    1 0.0005167959
0.6291   1 0.0005167959
0.6299   2 0.0010335917
0.63     1 0.0005167959
0.6303   1 0.0005167959
0.6305   1 0.0005167959
0.6307   1 0.0005167959
0.631    1 0.0005167959
0.6312   1 0.0005167959
0.6314   2 0.0010335917
0.6316   1 0.0005167959
0.6317   1 0.0005167959
0.6318   1 0.0005167959
0.6321   1 0.0005167959
0.6322   2 0.0010335917
0.6325   2 0.0010335917
0.6327   1 0.0005167959
0.6329   2 0.0010335917
0.6331   1 0.0005167959
0.6332   2 0.0010335917
0.634    1 0.0005167959
0.6341   1 0.0005167959
0.6344   1 0.0005167959
0.6348   1 0.0005167959
0.635    1 0.0005167959
0.6355   2 0.0010335917
0.6364   2 0.0010335917
0.6365   1 0.0005167959
0.6366   1 0.0005167959
0.6368   1 0.0005167959
0.6369   1 0.0005167959
0.6371   1 0.0005167959
0.6375   1 0.0005167959
0.6376   1 0.0005167959
0.6382   1 0.0005167959
0.6384   1 0.0005167959
0.6387   1 0.0005167959
0.6392   2 0.0010335917
0.6398   2 0.0010335917
0.6402   3 0.0015503876
0.6403   1 0.0005167959
0.6406   2 0.0010335917
0.6408   1 0.0005167959
0.6409   2 0.0010335917
0.641    3 0.0015503876
0.6411   1 0.0005167959
0.6412   1 0.0005167959
0.6413   1 0.0005167959
0.6418   2 0.0010335917
0.6422   1 0.0005167959
0.6426   1 0.0005167959
0.6428   1 0.0005167959
0.6429   1 0.0005167959
0.643    2 0.0010335917
0.6432   2 0.0010335917
0.6433   1 0.0005167959
0.6435   2 0.0010335917
0.6436   1 0.0005167959
0.6438   1 0.0005167959
0.6439   1 0.0005167959
0.6447   1 0.0005167959
0.6448   1 0.0005167959
0.6452   1 0.0005167959
0.6453   2 0.0010335917
0.6456   2 0.0010335917
0.6461   1 0.0005167959
0.6462   1 0.0005167959
0.6471   1 0.0005167959
0.6473   1 0.0005167959
0.6475   2 0.0010335917
0.6478   1 0.0005167959
0.6482   2 0.0010335917
0.6483   1 0.0005167959
0.6488   2 0.0010335917
0.6497   2 0.0010335917
0.6499   1 0.0005167959
0.65     1 0.0005167959
0.6508   1 0.0005167959
0.6509   1 0.0005167959
0.6514   1 0.0005167959
0.6515   1 0.0005167959
0.6518   1 0.0005167959
0.6523   1 0.0005167959
0.6526   1 0.0005167959
0.653    1 0.0005167959
0.6531   1 0.0005167959
0.6542   1 0.0005167959
0.6544   1 0.0005167959
0.6546   1 0.0005167959
0.655    1 0.0005167959
0.6552   1 0.0005167959
0.6557   1 0.0005167959
0.656    2 0.0010335917
0.6563   4 0.0020671835
0.6566   1 0.0005167959
0.6568   1 0.0005167959
0.6569   1 0.0005167959
0.6574   1 0.0005167959
0.6575   1 0.0005167959
0.6576   2 0.0010335917
0.6578   1 0.0005167959
0.6591   1 0.0005167959
0.6593   2 0.0010335917
0.6602   1 0.0005167959
0.6603   1 0.0005167959
0.6605   1 0.0005167959
0.661    1 0.0005167959
0.6626   1 0.0005167959
0.6627   1 0.0005167959
0.6628   1 0.0005167959
0.6632   2 0.0010335917
0.6634   1 0.0005167959
0.664    1 0.0005167959
0.6641   1 0.0005167959
0.6645   1 0.0005167959
0.6647   3 0.0015503876
0.6648   2 0.0010335917
0.6655   2 0.0010335917
0.6656   1 0.0005167959
0.6659   1 0.0005167959
0.6661   1 0.0005167959
0.6667   2 0.0010335917
0.6672   1 0.0005167959
0.6673   1 0.0005167959
0.6682   2 0.0010335917
0.6687   1 0.0005167959
0.6694   1 0.0005167959
0.6696   1 0.0005167959
0.6697   2 0.0010335917
0.6701   1 0.0005167959
0.6704   1 0.0005167959
0.6706   1 0.0005167959
0.671    1 0.0005167959
0.6716   1 0.0005167959
0.6721   1 0.0005167959
0.6724   1 0.0005167959
0.6725   1 0.0005167959
0.6726   1 0.0005167959
0.6728   2 0.0010335917
0.6731   1 0.0005167959
0.6734   1 0.0005167959
0.6739   1 0.0005167959
0.6747   1 0.0005167959
0.6749   1 0.0005167959
0.6753   1 0.0005167959
0.6754   1 0.0005167959
0.6756   1 0.0005167959
0.6757   1 0.0005167959
0.6758   1 0.0005167959
0.6759   1 0.0005167959
0.6763   1 0.0005167959
0.6764   1 0.0005167959
0.6766   1 0.0005167959
0.677    1 0.0005167959
0.6772   1 0.0005167959
0.6777   1 0.0005167959
0.6778   1 0.0005167959
0.6779   1 0.0005167959
0.6783   1 0.0005167959
0.679    1 0.0005167959
0.6792   2 0.0010335917
0.6793   1 0.0005167959
0.6795   1 0.0005167959
0.6798   1 0.0005167959
0.68     2 0.0010335917
0.6807   1 0.0005167959
0.6808   1 0.0005167959
0.6814   1 0.0005167959
0.6816   1 0.0005167959
0.682    1 0.0005167959
0.6831   1 0.0005167959
0.6832   1 0.0005167959
0.6835   1 0.0005167959
0.6836   1 0.0005167959
0.6838   1 0.0005167959
0.684    1 0.0005167959
0.6841   1 0.0005167959
0.6843   1 0.0005167959
0.6844   1 0.0005167959
0.6845   1 0.0005167959
0.6846   2 0.0010335917
0.6848   1 0.0005167959
0.685    2 0.0010335917
0.6851   1 0.0005167959
0.6852   1 0.0005167959
0.6863   1 0.0005167959
0.6864   1 0.0005167959
0.6865   1 0.0005167959
0.6871   1 0.0005167959
0.6875   1 0.0005167959
0.6877   1 0.0005167959
0.688    1 0.0005167959
0.6881   1 0.0005167959
0.6882   1 0.0005167959
0.6884   1 0.0005167959
0.6889   1 0.0005167959
0.689    2 0.0010335917
0.6894   1 0.0005167959
0.6898   1 0.0005167959
0.6904   1 0.0005167959
0.6906   1 0.0005167959
0.6907   2 0.0010335917
0.6908   1 0.0005167959
0.691    1 0.0005167959
0.6914   1 0.0005167959
0.6915   1 0.0005167959
0.6917   1 0.0005167959
0.6918   1 0.0005167959
0.6922   1 0.0005167959
0.6925   1 0.0005167959
0.6933   2 0.0010335917
0.6934   1 0.0005167959
0.6936   1 0.0005167959
0.6938   1 0.0005167959
0.6939   1 0.0005167959
0.6941   2 0.0010335917
0.6942   1 0.0005167959
0.6945   1 0.0005167959
0.6946   2 0.0010335917
0.6947   1 0.0005167959
0.6949   2 0.0010335917
0.6953   3 0.0015503876
0.6954   2 0.0010335917
0.6955   1 0.0005167959
0.6957   1 0.0005167959
0.6958   1 0.0005167959
0.696    2 0.0010335917
0.6967   1 0.0005167959
0.6969   2 0.0010335917
0.697    1 0.0005167959
0.6972   1 0.0005167959
0.6974   3 0.0015503876
0.6976   1 0.0005167959
0.6983   1 0.0005167959
0.6986   1 0.0005167959
0.6993   1 0.0005167959
0.6994   1 0.0005167959
0.6995   1 0.0005167959
0.6997   1 0.0005167959
0.7      4 0.0020671835
0.7001   1 0.0005167959
0.7004   2 0.0010335917
0.7005   1 0.0005167959
0.7006   3 0.0015503876
0.701    2 0.0010335917
0.7013   1 0.0005167959
0.7015   1 0.0005167959
0.7017   2 0.0010335917
0.7026   1 0.0005167959
0.7028   1 0.0005167959
0.7032   1 0.0005167959
0.7036   1 0.0005167959
0.7041   2 0.0010335917
0.7042   1 0.0005167959
0.7047   1 0.0005167959
0.7048   1 0.0005167959
0.7049   1 0.0005167959
0.7051   1 0.0005167959
0.7052   1 0.0005167959
0.7054   1 0.0005167959
0.7057   1 0.0005167959
0.7066   1 0.0005167959
0.7067   1 0.0005167959
0.7068   1 0.0005167959
0.7069   1 0.0005167959
0.7071   2 0.0010335917
0.7073   1 0.0005167959
0.7081   1 0.0005167959
0.7082   1 0.0005167959
0.7085   1 0.0005167959
0.7088   1 0.0005167959
0.709    3 0.0015503876
0.7093   2 0.0010335917
0.7094   1 0.0005167959
0.7095   1 0.0005167959
0.7099   2 0.0010335917
0.7102   1 0.0005167959
0.7108   2 0.0010335917
0.7109   1 0.0005167959
0.7111   1 0.0005167959
0.7113   1 0.0005167959
0.7115   1 0.0005167959
0.7127   1 0.0005167959
0.7139   1 0.0005167959
0.7143   4 0.0020671835
0.7146   1 0.0005167959
0.7147   1 0.0005167959
0.7148   2 0.0010335917
0.715    1 0.0005167959
0.7153   1 0.0005167959
0.7154   1 0.0005167959
0.7156   1 0.0005167959
0.7157   1 0.0005167959
0.7159   1 0.0005167959
0.716    2 0.0010335917
0.7161   1 0.0005167959
0.7162   1 0.0005167959
0.717    1 0.0005167959
0.7176   2 0.0010335917
0.7178   1 0.0005167959
0.7182   1 0.0005167959
0.7185   1 0.0005167959
0.719    2 0.0010335917
0.7198   1 0.0005167959
0.7209   1 0.0005167959
0.7214   1 0.0005167959
0.7215   1 0.0005167959
0.7218   2 0.0010335917
0.7219   1 0.0005167959
0.722    1 0.0005167959
0.7223   1 0.0005167959
0.7224   1 0.0005167959
0.7225   1 0.0005167959
0.7227   2 0.0010335917
0.7228   1 0.0005167959
0.723    1 0.0005167959
0.7234   1 0.0005167959
0.724    1 0.0005167959
0.7243   1 0.0005167959
0.7244   1 0.0005167959
0.7245   1 0.0005167959
0.7251   1 0.0005167959
0.7255   1 0.0005167959
0.7261   1 0.0005167959
0.7263   1 0.0005167959
0.7266   1 0.0005167959
0.7273   2 0.0010335917
0.7276   1 0.0005167959
0.7279   1 0.0005167959
0.728    1 0.0005167959
0.7282   2 0.0010335917
0.7283   1 0.0005167959
0.7285   1 0.0005167959
0.7289   1 0.0005167959
0.729    1 0.0005167959
0.7294   2 0.0010335917
0.7305   1 0.0005167959
0.7311   1 0.0005167959
0.7315   1 0.0005167959
0.7323   2 0.0010335917
0.7324   1 0.0005167959
0.7329   1 0.0005167959
0.7332   1 0.0005167959
0.7333   2 0.0010335917
0.7337   1 0.0005167959
0.7343   1 0.0005167959
0.735    1 0.0005167959
0.7352   1 0.0005167959
0.7353   1 0.0005167959
0.7354   1 0.0005167959
0.7355   1 0.0005167959
0.7358   3 0.0015503876
0.7365   2 0.0010335917
0.7367   1 0.0005167959
0.7371   2 0.0010335917
0.7372   2 0.0010335917
0.7374   1 0.0005167959
0.7378   1 0.0005167959
0.7381   1 0.0005167959
0.7382   1 0.0005167959
0.7384   1 0.0005167959
0.7388   1 0.0005167959
0.739    1 0.0005167959
0.7391   1 0.0005167959
0.7396   2 0.0010335917
0.7397   1 0.0005167959
0.7399   1 0.0005167959
0.7401   1 0.0005167959
0.7404   2 0.0010335917
0.7405   1 0.0005167959
0.7406   1 0.0005167959
0.7412   1 0.0005167959
0.7414   1 0.0005167959
0.7416   1 0.0005167959
0.7418   1 0.0005167959
0.7422   1 0.0005167959
0.7426   1 0.0005167959
0.7431   1 0.0005167959
0.7433   1 0.0005167959
0.7435   1 0.0005167959
0.7436   1 0.0005167959
0.7437   1 0.0005167959
0.7438   2 0.0010335917
0.7439   1 0.0005167959
0.7448   1 0.0005167959
0.7456   1 0.0005167959
0.746    1 0.0005167959
0.7461   1 0.0005167959
0.7467   2 0.0010335917
0.747    2 0.0010335917
0.7471   2 0.0010335917
0.7481   1 0.0005167959
0.7483   1 0.0005167959
0.7484   1 0.0005167959
0.749    1 0.0005167959
0.7493   1 0.0005167959
0.7494   1 0.0005167959
0.75     5 0.0025839793
0.7501   1 0.0005167959
0.7503   1 0.0005167959
0.7506   1 0.0005167959
0.7507   1 0.0005167959
0.7508   1 0.0005167959
0.7511   2 0.0010335917
0.7513   2 0.0010335917
0.7517   1 0.0005167959
0.7519   1 0.0005167959
0.7522   1 0.0005167959
0.7525   1 0.0005167959
0.7531   2 0.0010335917
0.7532   1 0.0005167959
0.7533   2 0.0010335917
0.7535   1 0.0005167959
0.7536   1 0.0005167959
0.7537   1 0.0005167959
0.7538   2 0.0010335917
0.7539   1 0.0005167959
0.7542   1 0.0005167959
0.7544   1 0.0005167959
0.7545   3 0.0015503876
0.7548   2 0.0010335917
0.7551   1 0.0005167959
0.7552   1 0.0005167959
0.7554   2 0.0010335917
0.7568   1 0.0005167959
0.757    2 0.0010335917
0.7574   1 0.0005167959
0.7578   1 0.0005167959
0.758    1 0.0005167959
0.7583   1 0.0005167959
0.7584   1 0.0005167959
0.7586   1 0.0005167959
0.7587   1 0.0005167959
0.7588   1 0.0005167959
0.759    2 0.0010335917
0.7591   1 0.0005167959
0.7597   2 0.0010335917
0.7599   1 0.0005167959
0.7603   1 0.0005167959
0.7604   1 0.0005167959
0.7605   1 0.0005167959
0.7607   1 0.0005167959
0.761    1 0.0005167959
0.7612   1 0.0005167959
0.7615   1 0.0005167959
0.762    1 0.0005167959
0.7622   2 0.0010335917
0.7626   1 0.0005167959
0.7629   1 0.0005167959
0.7637   1 0.0005167959
0.7639   1 0.0005167959
0.7642   1 0.0005167959
0.7643   1 0.0005167959
0.7649   1 0.0005167959
0.7652   1 0.0005167959
0.7655   1 0.0005167959
0.7658   1 0.0005167959
0.7662   2 0.0010335917
0.7668   1 0.0005167959
0.7669   1 0.0005167959
0.767    1 0.0005167959
0.7671   1 0.0005167959
0.7673   1 0.0005167959
0.7678   1 0.0005167959
0.768    1 0.0005167959
0.7681   1 0.0005167959
0.7684   3 0.0015503876
0.7691   1 0.0005167959
0.7692   1 0.0005167959
0.7693   1 0.0005167959
0.7701   1 0.0005167959
0.7702   1 0.0005167959
0.7707   1 0.0005167959
0.7716   1 0.0005167959
0.7718   1 0.0005167959
0.7725   1 0.0005167959
0.7728   1 0.0005167959
0.773    1 0.0005167959
0.7731   1 0.0005167959
0.7737   1 0.0005167959
0.7743   1 0.0005167959
0.7745   1 0.0005167959
0.7746   1 0.0005167959
0.7749   1 0.0005167959
0.775    1 0.0005167959
0.7752   1 0.0005167959
0.7759   1 0.0005167959
0.7762   1 0.0005167959
0.777    2 0.0010335917
0.7772   1 0.0005167959
0.7774   1 0.0005167959
0.7777   1 0.0005167959
0.7778   2 0.0010335917
0.778    1 0.0005167959
0.7781   1 0.0005167959
0.7789   1 0.0005167959
0.779    2 0.0010335917
0.7793   1 0.0005167959
0.7798   1 0.0005167959
0.7806   1 0.0005167959
0.7807   1 0.0005167959
0.7808   1 0.0005167959
0.7811   1 0.0005167959
0.7816   1 0.0005167959
0.7826   1 0.0005167959
0.7828   1 0.0005167959
0.7831   2 0.0010335917
0.7837   1 0.0005167959
0.7839   1 0.0005167959
0.7841   1 0.0005167959
0.7843   2 0.0010335917
0.7851   1 0.0005167959
0.7852   2 0.0010335917
0.7854   2 0.0010335917
0.7857   1 0.0005167959
0.7866   1 0.0005167959
0.7869   1 0.0005167959
0.787    1 0.0005167959
0.7879   1 0.0005167959
0.7888   1 0.0005167959
0.7891   1 0.0005167959
0.7892   2 0.0010335917
0.7894   1 0.0005167959
0.7895   3 0.0015503876
0.7899   1 0.0005167959
0.79     3 0.0015503876
0.7906   1 0.0005167959
0.7907   1 0.0005167959
0.7917   1 0.0005167959
0.7922   2 0.0010335917
0.7926   1 0.0005167959
0.7928   2 0.0010335917
0.7956   1 0.0005167959
0.7962   1 0.0005167959
0.7963   1 0.0005167959
0.7969   3 0.0015503876
0.797    1 0.0005167959
0.7976   1 0.0005167959
0.7978   1 0.0005167959
0.7983   1 0.0005167959
0.7984   1 0.0005167959
0.7985   1 0.0005167959
0.7989   1 0.0005167959
0.7991   1 0.0005167959
0.7994   1 0.0005167959
0.7995   1 0.0005167959
0.7997   2 0.0010335917
0.8      3 0.0015503876
0.8004   1 0.0005167959
0.8011   1 0.0005167959
0.8019   2 0.0010335917
0.8024   1 0.0005167959
0.8027   1 0.0005167959
0.8029   1 0.0005167959
0.803    1 0.0005167959
0.8032   1 0.0005167959
0.8035   1 0.0005167959
0.8041   1 0.0005167959
0.8048   2 0.0010335917
0.8054   1 0.0005167959
0.8055   1 0.0005167959
0.8058   1 0.0005167959
0.8059   1 0.0005167959
0.8065   2 0.0010335917
0.8069   2 0.0010335917
0.8074   2 0.0010335917
0.8087   2 0.0010335917
0.8088   1 0.0005167959
0.8089   1 0.0005167959
0.81     1 0.0005167959
0.8106   2 0.0010335917
0.8111   2 0.0010335917
0.8112   1 0.0005167959
0.8114   1 0.0005167959
0.8115   1 0.0005167959
0.8117   1 0.0005167959
0.8127   1 0.0005167959
0.8128   1 0.0005167959
0.8131   1 0.0005167959
0.8132   2 0.0010335917
0.8138   1 0.0005167959
0.814    1 0.0005167959
0.8146   1 0.0005167959
0.8151   4 0.0020671835
0.8162   2 0.0010335917
0.8166   1 0.0005167959
0.8169   1 0.0005167959
0.8171   1 0.0005167959
0.8173   1 0.0005167959
0.8174   1 0.0005167959
0.8178   1 0.0005167959
0.8181   1 0.0005167959
0.8182   1 0.0005167959
0.8185   2 0.0010335917
0.8187   1 0.0005167959
0.819    1 0.0005167959
0.8193   1 0.0005167959
0.8196   1 0.0005167959
0.8197   1 0.0005167959
0.821    1 0.0005167959
0.8211   1 0.0005167959
0.8213   1 0.0005167959
0.8223   1 0.0005167959
0.8224   1 0.0005167959
0.8226   1 0.0005167959
0.8232   1 0.0005167959
0.8234   1 0.0005167959
0.8237   1 0.0005167959
0.8239   1 0.0005167959
0.8243   1 0.0005167959
0.8249   1 0.0005167959
0.825    1 0.0005167959
0.8252   1 0.0005167959
0.8255   1 0.0005167959
0.8256   1 0.0005167959
0.8258   1 0.0005167959
0.8266   1 0.0005167959
0.8269   1 0.0005167959
0.8272   1 0.0005167959
0.8274   1 0.0005167959
0.8277   2 0.0010335917
0.8279   1 0.0005167959
0.8282   2 0.0010335917
0.8283   1 0.0005167959
0.8286   1 0.0005167959
0.8293   1 0.0005167959
0.8294   1 0.0005167959
0.8295   1 0.0005167959
0.8296   1 0.0005167959
0.83     1 0.0005167959
0.8306   1 0.0005167959
0.8309   1 0.0005167959
0.831    1 0.0005167959
0.8314   1 0.0005167959
0.8316   1 0.0005167959
0.832    1 0.0005167959
0.8322   1 0.0005167959
0.8323   1 0.0005167959
0.8325   1 0.0005167959
0.8329   1 0.0005167959
0.8352   2 0.0010335917
0.8354   1 0.0005167959
0.8355   1 0.0005167959
0.836    1 0.0005167959
0.8365   2 0.0010335917
0.8375   1 0.0005167959
0.8379   1 0.0005167959
0.838    1 0.0005167959
0.8381   1 0.0005167959
0.8392   1 0.0005167959
0.8396   1 0.0005167959
0.8397   1 0.0005167959
0.8408   1 0.0005167959
0.841    1 0.0005167959
0.8414   1 0.0005167959
0.8416   1 0.0005167959
0.8418   1 0.0005167959
0.8427   1 0.0005167959
0.8429   1 0.0005167959
0.8443   1 0.0005167959
0.8448   1 0.0005167959
0.845    1 0.0005167959
0.8451   1 0.0005167959
0.8458   1 0.0005167959
0.8462   2 0.0010335917
0.8463   1 0.0005167959
0.8465   1 0.0005167959
0.8478   1 0.0005167959
0.848    1 0.0005167959
0.8482   1 0.0005167959
0.8483   1 0.0005167959
0.8503   1 0.0005167959
0.8505   1 0.0005167959
0.8506   1 0.0005167959
0.8507   1 0.0005167959
0.8515   1 0.0005167959
0.8519   2 0.0010335917
0.8529   1 0.0005167959
0.8532   1 0.0005167959
0.8537   1 0.0005167959
0.8547   1 0.0005167959
0.8548   1 0.0005167959
0.8553   1 0.0005167959
0.8558   1 0.0005167959
0.8571   1 0.0005167959
0.8601   2 0.0010335917
0.8617   1 0.0005167959
0.8619   2 0.0010335917
0.8621   1 0.0005167959
0.8625   1 0.0005167959
0.8627   2 0.0010335917
0.8631   1 0.0005167959
0.8634   1 0.0005167959
0.8635   1 0.0005167959
0.8653   1 0.0005167959
0.8654   1 0.0005167959
0.866    1 0.0005167959
0.8663   1 0.0005167959
0.8664   1 0.0005167959
0.8667   1 0.0005167959
0.867    1 0.0005167959
0.8677   1 0.0005167959
0.8694   1 0.0005167959
0.8702   1 0.0005167959
0.8713   1 0.0005167959
0.8724   1 0.0005167959
0.8726   2 0.0010335917
0.873    1 0.0005167959
0.8738   1 0.0005167959
0.874    1 0.0005167959
0.875    3 0.0015503876
0.8752   1 0.0005167959
0.8759   1 0.0005167959
0.8764   1 0.0005167959
0.8766   1 0.0005167959
0.8774   1 0.0005167959
0.8775   1 0.0005167959
0.8786   1 0.0005167959
0.8788   1 0.0005167959
0.8792   1 0.0005167959
0.8795   1 0.0005167959
0.8804   1 0.0005167959
0.8808   2 0.0010335917
0.8812   1 0.0005167959
0.8816   1 0.0005167959
0.882    1 0.0005167959
0.8821   1 0.0005167959
0.8824   2 0.0010335917
0.8834   1 0.0005167959
0.8835   2 0.0010335917
0.8836   1 0.0005167959
0.8843   1 0.0005167959
0.8846   1 0.0005167959
0.8857   1 0.0005167959
0.886    1 0.0005167959
0.8862   1 0.0005167959
0.8864   2 0.0010335917
0.8865   1 0.0005167959
0.8868   1 0.0005167959
0.8879   1 0.0005167959
0.8887   1 0.0005167959
0.8889   5 0.0025839793
0.8891   1 0.0005167959
0.8893   1 0.0005167959
0.8894   1 0.0005167959
0.8898   1 0.0005167959
0.89     1 0.0005167959
0.8903   1 0.0005167959
0.8904   1 0.0005167959
0.8912   1 0.0005167959
0.8919   1 0.0005167959
0.8922   1 0.0005167959
0.8925   1 0.0005167959
0.8931   1 0.0005167959
0.8937   1 0.0005167959
0.8939   1 0.0005167959
0.8978   2 0.0010335917
0.898    1 0.0005167959
0.8992   1 0.0005167959
0.8995   1 0.0005167959
0.8999   1 0.0005167959
0.9      1 0.0005167959
0.9004   2 0.0010335917
0.9008   1 0.0005167959
0.9009   1 0.0005167959
0.9013   1 0.0005167959
0.9026   1 0.0005167959
0.9027   1 0.0005167959
0.9028   1 0.0005167959
0.9031   1 0.0005167959
0.9035   1 0.0005167959
0.9046   1 0.0005167959
0.9054   1 0.0005167959
0.9058   1 0.0005167959
0.907    1 0.0005167959
0.9071   1 0.0005167959
0.9079   1 0.0005167959
0.9093   1 0.0005167959
0.9104   1 0.0005167959
0.9105   1 0.0005167959
0.9115   1 0.0005167959
0.9124   1 0.0005167959
0.9129   1 0.0005167959
0.9135   1 0.0005167959
0.9156   1 0.0005167959
0.9158   1 0.0005167959
0.9161   1 0.0005167959
0.9186   1 0.0005167959
0.9188   1 0.0005167959
0.9192   1 0.0005167959
0.92     1 0.0005167959
0.9206   1 0.0005167959
0.9211   1 0.0005167959
0.9219   1 0.0005167959
0.9224   1 0.0005167959
0.923    1 0.0005167959
0.9231   3 0.0015503876
0.9243   1 0.0005167959
0.9247   1 0.0005167959
0.9249   1 0.0005167959
0.9251   1 0.0005167959
0.9252   2 0.0010335917
0.9256   1 0.0005167959
0.9258   1 0.0005167959
0.9277   1 0.0005167959
0.9282   1 0.0005167959
0.9293   1 0.0005167959
0.9296   1 0.0005167959
0.9307   1 0.0005167959
0.9312   1 0.0005167959
0.9314   1 0.0005167959
0.9325   1 0.0005167959
0.9331   1 0.0005167959
0.9332   1 0.0005167959
0.9333   3 0.0015503876
0.9374   1 0.0005167959
0.9375   1 0.0005167959
0.9389   1 0.0005167959
0.9392   1 0.0005167959
0.9401   1 0.0005167959
0.9403   1 0.0005167959
0.9417   1 0.0005167959
0.9429   1 0.0005167959
0.9454   1 0.0005167959
0.9456   1 0.0005167959
0.9457   1 0.0005167959
0.946    1 0.0005167959
0.9462   1 0.0005167959
0.9474   1 0.0005167959
0.9484   1 0.0005167959
0.9487   1 0.0005167959
0.9492   1 0.0005167959
0.9502   1 0.0005167959
0.9509   1 0.0005167959
0.9514   1 0.0005167959
0.9524   1 0.0005167959
0.9526   1 0.0005167959
0.9535   2 0.0010335917
0.9539   1 0.0005167959
0.9556   1 0.0005167959
0.9557   1 0.0005167959
0.9559   1 0.0005167959
0.9571   1 0.0005167959
0.9579   1 0.0005167959
0.9581   1 0.0005167959
0.96     1 0.0005167959
0.9616   1 0.0005167959
0.9618   1 0.0005167959
0.9619   1 0.0005167959
0.962    1 0.0005167959
0.9624   1 0.0005167959
0.9636   1 0.0005167959
0.9638   1 0.0005167959
0.9643   1 0.0005167959
0.9651   1 0.0005167959
0.9659   1 0.0005167959
0.9668   1 0.0005167959
0.9671   1 0.0005167959
0.9677   1 0.0005167959
0.9688   1 0.0005167959
0.971    1 0.0005167959
0.9714   1 0.0005167959
0.973    1 0.0005167959
0.9733   2 0.0010335917
0.9736   1 0.0005167959
0.975    1 0.0005167959
0.9784   1 0.0005167959
0.9787   1 0.0005167959
0.979    1 0.0005167959
0.9794   1 0.0005167959
0.9808   1 0.0005167959
0.9817   1 0.0005167959
0.9833   2 0.0010335917
0.9861   1 0.0005167959
0.9862   1 0.0005167959
0.9865   1 0.0005167959
0.987    1 0.0005167959
0.9881   1 0.0005167959
0.9894   1 0.0005167959
0.9901   2 0.0010335917
0.9917   1 0.0005167959
0.9919   1 0.0005167959
0.992    1 0.0005167959
0.9936   1 0.0005167959
0.9947   1 0.0005167959
0.995    1 0.0005167959
0.9957   1 0.0005167959
0.9976   1 0.0005167959
1       73 0.0377260982
COMP_ORIG_YR4_RT Frequency 
[1] 2669
             COMP        COMPF
0.0141737033    5 0.0018733608
0.0198308545    1 0.0003746722
0.0243277849    1 0.0003746722
0.0287859825    1 0.0003746722
0.0353773585    1 0.0003746722
0.0354868062    1 0.0003746722
0.0363128492    1 0.0003746722
0.0371747212    1 0.0003746722
0.0452995616    1 0.0003746722
0.0476595745    1 0.0003746722
0.0541271989    2 0.0007493443
0.0550458716    1 0.0003746722
0.0571710202    1 0.0003746722
0.0608365019    1 0.0003746722
0.0617283951    1 0.0003746722
0.0631611699    1 0.0003746722
0.0636604775    1 0.0003746722
0.0654281099    1 0.0003746722
0.0697772173    1 0.0003746722
0.0732984293    1 0.0003746722
0.0740740741    1 0.0003746722
0.0747126437    1 0.0003746722
0.075862069     1 0.0003746722
0.0761947701    1 0.0003746722
0.076754386     1 0.0003746722
0.0784574468    2 0.0007493443
0.08            1 0.0003746722
0.0801603206    1 0.0003746722
0.0807754443    1 0.0003746722
0.0816137259    1 0.0003746722
0.0826771654    1 0.0003746722
0.0828402367    1 0.0003746722
0.0836120401    1 0.0003746722
0.084317032     1 0.0003746722
0.084742268     1 0.0003746722
0.0851419032    1 0.0003746722
0.0869565217    1 0.0003746722
0.0896358543    1 0.0003746722
0.0902777778    1 0.0003746722
0.0909090909    1 0.0003746722
0.0921052632    1 0.0003746722
0.0921610169    1 0.0003746722
0.0922986479    1 0.0003746722
0.0927062031    1 0.0003746722
0.0928346102    1 0.0003746722
0.0934579439    1 0.0003746722
0.0943396226    1 0.0003746722
0.0962379703    3 0.0011240165
0.0969529086    1 0.0003746722
0.0977242303    1 0.0003746722
0.0981210856    1 0.0003746722
0.0986372485    1 0.0003746722
0.0988692375   13 0.0048707381
0.1004016064    1 0.0003746722
0.1011139674    1 0.0003746722
0.1017897092    1 0.0003746722
0.103101425     1 0.0003746722
0.1064516129    1 0.0003746722
0.1064962726    1 0.0003746722
0.1100628931    1 0.0003746722
0.1102240536    1 0.0003746722
0.1105866487    1 0.0003746722
0.1106870229    1 0.0003746722
0.1134020619    1 0.0003746722
0.114842176     1 0.0003746722
0.1155015198    1 0.0003746722
0.1168539326    1 0.0003746722
0.118556701     1 0.0003746722
0.1196581197    1 0.0003746722
0.120754717     1 0.0003746722
0.1229088426    1 0.0003746722
0.1230392862    1 0.0003746722
0.1233983287    1 0.0003746722
0.123655914     1 0.0003746722
0.1245791246    1 0.0003746722
0.1254612546    1 0.0003746722
0.1256544503    1 0.0003746722
0.1262902247    4 0.0014986886
0.126394998    26 0.0097414762
0.1285266458    1 0.0003746722
0.1289237668    2 0.0007493443
0.1291338583    1 0.0003746722
0.13            1 0.0003746722
0.1316931983    1 0.0003746722
0.1317330211    1 0.0003746722
0.1323529412    1 0.0003746722
0.1340782123    1 0.0003746722
0.1342486651    1 0.0003746722
0.1345565749    1 0.0003746722
0.1347031963    1 0.0003746722
0.1352785146    1 0.0003746722
0.1374172185    1 0.0003746722
0.1394529283    5 0.0018733608
0.1403508772    1 0.0003746722
0.1408450704    1 0.0003746722
0.1411764706    1 0.0003746722
0.1418439716    1 0.0003746722
0.1443514644    1 0.0003746722
0.145245559     2 0.0007493443
0.1454311454    1 0.0003746722
0.1461538462    1 0.0003746722
0.1463414634    1 0.0003746722
0.1465416178    1 0.0003746722
0.1467931346    1 0.0003746722
0.1468363136    1 0.0003746722
0.1470469419   84 0.0314724616
0.147826087     1 0.0003746722
0.1487229227    1 0.0003746722
0.1499720201    1 0.0003746722
0.1504225352    1 0.0003746722
0.1506276151    1 0.0003746722
0.152           1 0.0003746722
0.1527093596    2 0.0007493443
0.1528998243    1 0.0003746722
0.1529709229    1 0.0003746722
0.1532754076   11 0.0041213938
0.1532846715    1 0.0003746722
0.1549680948    1 0.0003746722
0.1556886228    1 0.0003746722
0.1557788945    1 0.0003746722
0.1558935361    1 0.0003746722
0.1566820276    1 0.0003746722
0.1569579288    1 0.0003746722
0.158           1 0.0003746722
0.1586345382    1 0.0003746722
0.1589403974    1 0.0003746722
0.1591511936    1 0.0003746722
0.1593915344    1 0.0003746722
0.1595702348    1 0.0003746722
0.159801877    12 0.0044960659
0.1603773585    1 0.0003746722
0.160461653    19 0.0071187711
0.1607843137    1 0.0003746722
0.1612903226    1 0.0003746722
0.1614906832    1 0.0003746722
0.1620111732    1 0.0003746722
0.1631205674    1 0.0003746722
0.1632653061    1 0.0003746722
0.1633879781    1 0.0003746722
0.1635895714    2 0.0007493443
0.1646825397    1 0.0003746722
0.1650412603    1 0.0003746722
0.1666666667    1 0.0003746722
0.1668889312    1 0.0003746722
0.1682539683    1 0.0003746722
0.1686746988    1 0.0003746722
0.1689189189    1 0.0003746722
0.1704035874    1 0.0003746722
0.1705426357    1 0.0003746722
0.1714285714    1 0.0003746722
0.1721991701    1 0.0003746722
0.1724137931    1 0.0003746722
0.1728395062    1 0.0003746722
0.1737089202    1 0.0003746722
0.1739452258    1 0.0003746722
0.1746031746    1 0.0003746722
0.1748526523    1 0.0003746722
0.1749116608    1 0.0003746722
0.1750433276    1 0.0003746722
0.1762589928    1 0.0003746722
0.1763341067    1 0.0003746722
0.1764705882    1 0.0003746722
0.1770071769   10 0.0037467216
0.1770334928    2 0.0007493443
0.1773049645    1 0.0003746722
0.1784841076    1 0.0003746722
0.1796116505    1 0.0003746722
0.1805555556    1 0.0003746722
0.1806451613    1 0.0003746722
0.1808261886    1 0.0003746722
0.1817087846    1 0.0003746722
0.1821862348    1 0.0003746722
0.1822141561    1 0.0003746722
0.1823266219    1 0.0003746722
0.1833417979    1 0.0003746722
0.1835748792    1 0.0003746722
0.1838006231    1 0.0003746722
0.1847826087    1 0.0003746722
0.1853088481    1 0.0003746722
0.1853752405   29 0.0108654927
0.1854082999    1 0.0003746722
0.1863882444    1 0.0003746722
0.1877496671    1 0.0003746722
0.1883408072    1 0.0003746722
0.188449848     1 0.0003746722
0.1893687708    1 0.0003746722
0.1908396947    1 0.0003746722
0.1909689558    1 0.0003746722
0.1912568306    1 0.0003746722
0.1915641476    1 0.0003746722
0.1940298507    1 0.0003746722
0.1945876289    1 0.0003746722
0.1947826087    1 0.0003746722
0.1951219512    1 0.0003746722
0.1952054795    1 0.0003746722
0.1954022989    1 0.0003746722
0.1956116746    1 0.0003746722
0.1958388375    1 0.0003746722
0.1959183673    1 0.0003746722
0.1961414791    1 0.0003746722
0.1963636364    1 0.0003746722
0.19695321      1 0.0003746722
0.1978021978    2 0.0007493443
0.1982851018    1 0.0003746722
0.1985472155    1 0.0003746722
0.1986970684    1 0.0003746722
0.1991294886    1 0.0003746722
0.1995073892    1 0.0003746722
0.2             1 0.0003746722
0.2005145278    1 0.0003746722
0.2007104796    1 0.0003746722
0.2008547009    1 0.0003746722
0.2010582011    1 0.0003746722
0.2012987013    1 0.0003746722
0.2018518519    1 0.0003746722
0.2019704433    1 0.0003746722
0.2020970564   78 0.0292244286
0.2026862027    1 0.0003746722
0.203125        1 0.0003746722
0.203187251     2 0.0007493443
0.2035928144    1 0.0003746722
0.2037037037    1 0.0003746722
0.2039007092    1 0.0003746722
0.204379562     1 0.0003746722
0.2059773829    1 0.0003746722
0.20625         1 0.0003746722
0.2064516129    1 0.0003746722
0.2069767442    1 0.0003746722
0.2071963294    1 0.0003746722
0.2074498567    1 0.0003746722
0.2075736325    1 0.0003746722
0.2075949367    1 0.0003746722
0.2077922078    1 0.0003746722
0.2078024066   10 0.0037467216
0.2080267559    1 0.0003746722
0.2095588235    1 0.0003746722
0.2096989471    3 0.0011240165
0.2098061574    3 0.0011240165
0.210031348     8 0.0029973773
0.2115384615    1 0.0003746722
0.2139406487    1 0.0003746722
0.2156573117    1 0.0003746722
0.2158671587    1 0.0003746722
0.2158690176    1 0.0003746722
0.2174959872    1 0.0003746722
0.2176752286    1 0.0003746722
0.2179732314    1 0.0003746722
0.2189835575    2 0.0007493443
0.2193548387    1 0.0003746722
0.2197018795    1 0.0003746722
0.2197253433    1 0.0003746722
0.2201834862    1 0.0003746722
0.2204033215    1 0.0003746722
0.2204724409    1 0.0003746722
0.2205128205    1 0.0003746722
0.220657277     1 0.0003746722
0.2208295351    1 0.0003746722
0.2211868563    1 0.0003746722
0.2213740458    1 0.0003746722
0.2215568862    1 0.0003746722
0.2216216216    1 0.0003746722
0.2222222222    4 0.0014986886
0.2231759657    1 0.0003746722
0.2232142857    1 0.0003746722
0.2232766338    3 0.0011240165
0.2233333333    1 0.0003746722
0.2245862884    1 0.0003746722
0.2251082251    1 0.0003746722
0.2252747253    1 0.0003746722
0.2254901961    1 0.0003746722
0.2259287339    1 0.0003746722
0.2269736842    4 0.0014986886
0.2282430213    1 0.0003746722
0.2294220665    1 0.0003746722
0.2304932735    1 0.0003746722
0.2312271062    1 0.0003746722
0.231316726     1 0.0003746722
0.2316076294    1 0.0003746722
0.231884058     2 0.0007493443
0.2322946176    1 0.0003746722
0.2326478149    1 0.0003746722
0.2328125       1 0.0003746722
0.2341772152    1 0.0003746722
0.2343522562    1 0.0003746722
0.2350119904    1 0.0003746722
0.2355371901    1 0.0003746722
0.2363636364    1 0.0003746722
0.236818588     1 0.0003746722
0.2377717391    1 0.0003746722
0.2380952381    1 0.0003746722
0.2385321101    1 0.0003746722
0.2385620915    1 0.0003746722
0.2396694215    1 0.0003746722
0.2398042414    1 0.0003746722
0.2400793651    1 0.0003746722
0.2401847575    1 0.0003746722
0.2412894823    1 0.0003746722
0.2414008755    1 0.0003746722
0.2414793328    1 0.0003746722
0.2415254237    1 0.0003746722
0.2418841502    1 0.0003746722
0.2424242424    1 0.0003746722
0.2425249169    1 0.0003746722
0.2426470588    2 0.0007493443
0.2432950192    1 0.0003746722
0.2437858509    1 0.0003746722
0.2438220758    1 0.0003746722
0.2443438914    1 0.0003746722
0.2450248756    1 0.0003746722
0.2457627119    1 0.0003746722
0.245819398     1 0.0003746722
0.2459016393    1 0.0003746722
0.2459511392    1 0.0003746722
0.2463343109    1 0.0003746722
0.2463576159    1 0.0003746722
0.2469635628    1 0.0003746722
0.2470588235    1 0.0003746722
0.2471264368    1 0.0003746722
0.2479185939    1 0.0003746722
0.2489270386    1 0.0003746722
0.2489959839    1 0.0003746722
0.2490272374    1 0.0003746722
0.2492113565    1 0.0003746722
0.2493224932    1 0.0003746722
0.2496580027    1 0.0003746722
0.2519280206    1 0.0003746722
0.2521395655    2 0.0007493443
0.2527121889    1 0.0003746722
0.2532370179    1 0.0003746722
0.2549575071    3 0.0011240165
0.2551834131    1 0.0003746722
0.2551857212    1 0.0003746722
0.2557064432    6 0.0022480330
0.256281407     1 0.0003746722
0.2564841499    1 0.0003746722
0.2567049808    2 0.0007493443
0.2567114094    1 0.0003746722
0.2567849687    1 0.0003746722
0.2575896964    1 0.0003746722
0.2580152672    1 0.0003746722
0.2580213904    1 0.0003746722
0.2580645161    1 0.0003746722
0.2584033613    1 0.0003746722
0.2586765386    1 0.0003746722
0.258780037     5 0.0018733608
0.258989726     1 0.0003746722
0.2594936709    2 0.0007493443
0.2595978062    1 0.0003746722
0.2597402597    1 0.0003746722
0.2603550296    3 0.0011240165
0.2604166667    1 0.0003746722
0.2606534091    1 0.0003746722
0.2612055641    1 0.0003746722
0.2614487927    1 0.0003746722
0.261663286     1 0.0003746722
0.2617787856    1 0.0003746722
0.2619047619    1 0.0003746722
0.2621527778    1 0.0003746722
0.2626427406    1 0.0003746722
0.2626728111    1 0.0003746722
0.2631578947    1 0.0003746722
0.2633297062    1 0.0003746722
0.2634022794    1 0.0003746722
0.2645429363    1 0.0003746722
0.2649294245    6 0.0022480330
0.2649484536    1 0.0003746722
0.2651098901    1 0.0003746722
0.2656826568    1 0.0003746722
0.2658227848    1 0.0003746722
0.266509434     1 0.0003746722
0.2666666667    3 0.0011240165
0.2666860973    1 0.0003746722
0.2673366834    1 0.0003746722
0.2674418605    1 0.0003746722
0.2680115274    1 0.0003746722
0.2680293983    1 0.0003746722
0.2682445759    1 0.0003746722
0.2688882505   12 0.0044960659
0.2694334651    1 0.0003746722
0.2697547684    1 0.0003746722
0.2699083862    1 0.0003746722
0.2706039373    2 0.0007493443
0.2711267606    1 0.0003746722
0.2716049383    1 0.0003746722
0.2718286656    1 0.0003746722
0.2721062619    1 0.0003746722
0.2722419929    1 0.0003746722
0.273255814     1 0.0003746722
0.2735849057    1 0.0003746722
0.2739179954    1 0.0003746722
0.2750957854    1 0.0003746722
0.2765493955    7 0.0026227051
0.2765685019    1 0.0003746722
0.2765957447    1 0.0003746722
0.2780487805    1 0.0003746722
0.278430057     1 0.0003746722
0.2785185185    1 0.0003746722
0.2787456446    1 0.0003746722
0.2796610169    1 0.0003746722
0.2797698097    1 0.0003746722
0.2798151002    1 0.0003746722
0.279910339     1 0.0003746722
0.28            1 0.0003746722
0.2800230947    1 0.0003746722
0.280156731     1 0.0003746722
0.2802937576    1 0.0003746722
0.2805194805    1 0.0003746722
0.2815249267    1 0.0003746722
0.2817589577    1 0.0003746722
0.2817679558    1 0.0003746722
0.2818627451    1 0.0003746722
0.281938326    10 0.0037467216
0.2821192053    1 0.0003746722
0.2824858757    1 0.0003746722
0.2827004219    1 0.0003746722
0.2844036697    1 0.0003746722
0.2844221106    1 0.0003746722
0.2847139197    1 0.0003746722
0.2849162011    1 0.0003746722
0.2857142857    1 0.0003746722
0.2861417109    8 0.0029973773
0.2864864865    1 0.0003746722
0.2866242038    1 0.0003746722
0.2866541353    1 0.0003746722
0.2866748166    2 0.0007493443
0.287037037     1 0.0003746722
0.2873563218    1 0.0003746722
0.2880410531    1 0.0003746722
0.2884057971    1 0.0003746722
0.2884615385    1 0.0003746722
0.2885205648    1 0.0003746722
0.2903225806    1 0.0003746722
0.2906007473    1 0.0003746722
0.2911242604    1 0.0003746722
0.2915662651    1 0.0003746722
0.2926378098    1 0.0003746722
0.2926829268    1 0.0003746722
0.2929042904    1 0.0003746722
0.2932330827    1 0.0003746722
0.293398533     1 0.0003746722
0.2941176471    1 0.0003746722
0.2942386831    1 0.0003746722
0.2945036916    1 0.0003746722
0.2946507515    1 0.0003746722
0.2950819672    1 0.0003746722
0.2954545455    1 0.0003746722
0.2961165049    1 0.0003746722
0.2962962963    2 0.0007493443
0.2964509395    3 0.0011240165
0.2966002345    1 0.0003746722
0.2973547017    1 0.0003746722
0.2980588604    1 0.0003746722
0.2981770833    1 0.0003746722
0.2988505747    1 0.0003746722
0.2988679245    1 0.0003746722
0.2989130435    1 0.0003746722
0.2989594946    1 0.0003746722
0.3             2 0.0007493443
0.3003838772    1 0.0003746722
0.3004291845    1 0.0003746722
0.3006993007    1 0.0003746722
0.3008110687    1 0.0003746722
0.3014492754    1 0.0003746722
0.3015873016    1 0.0003746722
0.3027681661    1 0.0003746722
0.3035714286    1 0.0003746722
0.3036211699    1 0.0003746722
0.3039647577    1 0.0003746722
0.3040935673    1 0.0003746722
0.3042237443    1 0.0003746722
0.304388422     1 0.0003746722
0.3056640625    1 0.0003746722
0.3062054934    1 0.0003746722
0.3063167003    6 0.0022480330
0.3063909774    1 0.0003746722
0.3064516129    1 0.0003746722
0.3065603924    1 0.0003746722
0.3073194377    1 0.0003746722
0.3074497438    1 0.0003746722
0.3080939948    1 0.0003746722
0.3081761006    1 0.0003746722
0.3084745763    1 0.0003746722
0.3086419753    1 0.0003746722
0.3092862625    1 0.0003746722
0.3097893432    1 0.0003746722
0.3106134372    1 0.0003746722
0.310782241     1 0.0003746722
0.3108108108    1 0.0003746722
0.3109243697    1 0.0003746722
0.3114754098    1 0.0003746722
0.3122807018    2 0.0007493443
0.3124362895    1 0.0003746722
0.3141025641    1 0.0003746722
0.3142857143    1 0.0003746722
0.3151364764    1 0.0003746722
0.3153526971    2 0.0007493443
0.3159173755    1 0.0003746722
0.3161290323    2 0.0007493443
0.3173076923    1 0.0003746722
0.3174342105    1 0.0003746722
0.3175287356    1 0.0003746722
0.3175675676    1 0.0003746722
0.3176100629    1 0.0003746722
0.3182346109    1 0.0003746722
0.3185185185    1 0.0003746722
0.3192675159    1 0.0003746722
0.3195302843    1 0.0003746722
0.3195435093    1 0.0003746722
0.3197278912    1 0.0003746722
0.3198653199    1 0.0003746722
0.3200654308    1 0.0003746722
0.3205128205    1 0.0003746722
0.3208722741    1 0.0003746722
0.3209876543    1 0.0003746722
0.3212025316    1 0.0003746722
0.3215859031    1 0.0003746722
0.3218390805    1 0.0003746722
0.3220640569    1 0.0003746722
0.3229813665    1 0.0003746722
0.3231441048    2 0.0007493443
0.3232323232    1 0.0003746722
0.3232405892    1 0.0003746722
0.3235625705    1 0.0003746722
0.3236057069   10 0.0037467216
0.3236714976    1 0.0003746722
0.3238696109    1 0.0003746722
0.3241071429    1 0.0003746722
0.3244569026    1 0.0003746722
0.3250883392    1 0.0003746722
0.3253424658    1 0.0003746722
0.3256244218    2 0.0007493443
0.3257397727    1 0.0003746722
0.3260869565    1 0.0003746722
0.3263888889    1 0.0003746722
0.328042328     1 0.0003746722
0.3281733746    3 0.0011240165
0.328358209     1 0.0003746722
0.3287303414    3 0.0011240165
0.3288288288    2 0.0007493443
0.3288530466    1 0.0003746722
0.3295454545    1 0.0003746722
0.329588015     1 0.0003746722
0.3296587927    1 0.0003746722
0.3298725814    1 0.0003746722
0.3305613306    1 0.0003746722
0.3306451613    1 0.0003746722
0.3307692308    1 0.0003746722
0.3310961969    1 0.0003746722
0.3315282792    1 0.0003746722
0.331542594     1 0.0003746722
0.3315508021    1 0.0003746722
0.3319368353    1 0.0003746722
0.3321167883    1 0.0003746722
0.3321407275    1 0.0003746722
0.3322160149    9 0.0033720495
0.3328424153    1 0.0003746722
0.3331081081    1 0.0003746722
0.3333333333    3 0.0011240165
0.3341288783    1 0.0003746722
0.3342036554    1 0.0003746722
0.3345259392    4 0.0014986886
0.3345935728    1 0.0003746722
0.3346007605    1 0.0003746722
0.3346613546    1 0.0003746722
0.3347022587    1 0.0003746722
0.3347280335    1 0.0003746722
0.3348365276    4 0.0014986886
0.3352412101    1 0.0003746722
0.335399449     1 0.0003746722
0.3355704698    7 0.0026227051
0.3355932203    1 0.0003746722
0.3361344538    1 0.0003746722
0.3361823362    1 0.0003746722
0.3363636364    1 0.0003746722
0.3365695793    1 0.0003746722
0.3366848206    1 0.0003746722
0.3368114535    7 0.0026227051
0.3370128407    1 0.0003746722
0.3371428571    1 0.0003746722
0.3372591006    1 0.0003746722
0.337260274     1 0.0003746722
0.3372737348    1 0.0003746722
0.3374741201    1 0.0003746722
0.3387573964    1 0.0003746722
0.34            1 0.0003746722
0.3400659522    1 0.0003746722
0.3401639344    1 0.0003746722
0.3404255319    1 0.0003746722
0.3406649616   20 0.0074934432
0.3411042945    1 0.0003746722
0.3411880216    1 0.0003746722
0.3413597734    1 0.0003746722
0.3416666667    1 0.0003746722
0.3422459893    1 0.0003746722
0.3426333823    1 0.0003746722
0.3428571429    1 0.0003746722
0.3429012346    1 0.0003746722
0.3430191354  118 0.0442113151
0.3430769231    1 0.0003746722
0.3431372549    1 0.0003746722
0.343832021     1 0.0003746722
0.3446877534    1 0.0003746722
0.3446969697    1 0.0003746722
0.3448275862    1 0.0003746722
0.3451156812    1 0.0003746722
0.3451327434    1 0.0003746722
0.3454861111    1 0.0003746722
0.3455127126    1 0.0003746722
0.3459621137    1 0.0003746722
0.3472770324    1 0.0003746722
0.3473124631    1 0.0003746722
0.347375243     1 0.0003746722
0.347826087     1 0.0003746722
0.3481012658    1 0.0003746722
0.3484848485    1 0.0003746722
0.3485370052    3 0.0011240165
0.348583878     1 0.0003746722
0.3488372093    1 0.0003746722
0.3490304709    1 0.0003746722
0.35            1 0.0003746722
0.3500281373    1 0.0003746722
0.3500511771    1 0.0003746722
0.3505311077    1 0.0003746722
0.3506743738    1 0.0003746722
0.3510204082    1 0.0003746722
0.3514313919    1 0.0003746722
0.3516042781    1 0.0003746722
0.3516699411    3 0.0011240165
0.3516949153    1 0.0003746722
0.3518518519    1 0.0003746722
0.3530778165    1 0.0003746722
0.3538461538    1 0.0003746722
0.3538961039    1 0.0003746722
0.3541463415    1 0.0003746722
0.3547619048    1 0.0003746722
0.3550356053    6 0.0022480330
0.3552631579    1 0.0003746722
0.3553459119    1 0.0003746722
0.3555967842    1 0.0003746722
0.3557692308    1 0.0003746722
0.3558052434    1 0.0003746722
0.3560606061    1 0.0003746722
0.3564013841    4 0.0014986886
0.3564064801    1 0.0003746722
0.3568281938    1 0.0003746722
0.3572377158    1 0.0003746722
0.3582089552    1 0.0003746722
0.3583815029    1 0.0003746722
0.3584229391    1 0.0003746722
0.3584415584    1 0.0003746722
0.358490566     1 0.0003746722
0.3590909091    1 0.0003746722
0.3593220339    1 0.0003746722
0.3596774194    1 0.0003746722
0.36            2 0.0007493443
0.3600713012    1 0.0003746722
0.3601651187    1 0.0003746722
0.3603114677    1 0.0003746722
0.3603603604    1 0.0003746722
0.3606010017    1 0.0003746722
0.3606770833    1 0.0003746722
0.3607503608    1 0.0003746722
0.3611111111    2 0.0007493443
0.3612774451    1 0.0003746722
0.361516035     1 0.0003746722
0.3615384615    1 0.0003746722
0.3617945007    1 0.0003746722
0.3619550859    1 0.0003746722
0.3621621622    1 0.0003746722
0.3622920518    1 0.0003746722
0.362305581     1 0.0003746722
0.3628389155    1 0.0003746722
0.362920857     4 0.0014986886
0.362962963     1 0.0003746722
0.3633071817    6 0.0022480330
0.3636363636    1 0.0003746722
0.3642921551    1 0.0003746722
0.3648029331    1 0.0003746722
0.3652007648    1 0.0003746722
0.3657407407    1 0.0003746722
0.365990991     1 0.0003746722
0.3661971831    1 0.0003746722
0.3665914221    1 0.0003746722
0.3668639053    1 0.0003746722
0.367032967     1 0.0003746722
0.3671232877    1 0.0003746722
0.3673543911    1 0.0003746722
0.3675175062    1 0.0003746722
0.3675856307    1 0.0003746722
0.3676861702    1 0.0003746722
0.3677891654    2 0.0007493443
0.3678290214   24 0.0089921319
0.3678901653    1 0.0003746722
0.3684210526    1 0.0003746722
0.3686131387    1 0.0003746722
0.3686440678    1 0.0003746722
0.368852459     1 0.0003746722
0.3689762151    1 0.0003746722
0.3694083694    1 0.0003746722
0.3695286195    1 0.0003746722
0.3696521391    1 0.0003746722
0.3696617697   10 0.0037467216
0.3700221239    1 0.0003746722
0.3701657459    1 0.0003746722
0.3712765957    1 0.0003746722
0.3718459495    1 0.0003746722
0.3728350046    1 0.0003746722
0.3730221519    1 0.0003746722
0.3730454207    1 0.0003746722
0.3732057416    3 0.0011240165
0.3739376771    1 0.0003746722
0.3740458015    1 0.0003746722
0.3748079877    1 0.0003746722
0.3752004276    1 0.0003746722
0.3752485089    1 0.0003746722
0.3756743502    1 0.0003746722
0.3757575758    1 0.0003746722
0.3760683761    1 0.0003746722
0.376146789     1 0.0003746722
0.3761755486    1 0.0003746722
0.3762886598    1 0.0003746722
0.3767123288    1 0.0003746722
0.3768115942    2 0.0007493443
0.3771021992    1 0.0003746722
0.3771428571    1 0.0003746722
0.3772727273    2 0.0007493443
0.3772905759    1 0.0003746722
0.3775510204    1 0.0003746722
0.3787599754    2 0.0007493443
0.378870674     2 0.0007493443
0.3792774152    1 0.0003746722
0.3794871795    2 0.0007493443
0.3797468354    1 0.0003746722
0.3799019608    3 0.0011240165
0.3799472296    1 0.0003746722
0.3801169591    1 0.0003746722
0.3804347826    1 0.0003746722
0.3823529412    2 0.0007493443
0.3825701625    1 0.0003746722
0.3831990794    1 0.0003746722
0.3835616438    1 0.0003746722
0.3841093117    1 0.0003746722
0.3842364532    1 0.0003746722
0.3843161343    1 0.0003746722
0.3844476744    1 0.0003746722
0.3848684211    1 0.0003746722
0.3853503185    1 0.0003746722
0.3854473943    1 0.0003746722
0.385620915     1 0.0003746722
0.3856825749    2 0.0007493443
0.3857142857    1 0.0003746722
0.3861003861    1 0.0003746722
0.3863247863    1 0.0003746722
0.3870967742    1 0.0003746722
0.3874643875    1 0.0003746722
0.3875379939    1 0.0003746722
0.3879310345    1 0.0003746722
0.388363998     1 0.0003746722
0.3887147335    1 0.0003746722
0.3888888889    2 0.0007493443
0.3896103896    1 0.0003746722
0.3897435897    1 0.0003746722
0.3899782135    1 0.0003746722
0.3901192504    1 0.0003746722
0.3904109589    1 0.0003746722
0.3910590278    1 0.0003746722
0.3914275593    1 0.0003746722
0.3916083916    1 0.0003746722
0.3925729443    1 0.0003746722
0.3927175478    1 0.0003746722
0.3932403433    1 0.0003746722
0.3935991016    1 0.0003746722
0.3936795688    1 0.0003746722
0.3938223938    1 0.0003746722
0.3940298507    1 0.0003746722
0.3941605839    2 0.0007493443
0.3943217666    1 0.0003746722
0.3949579832    1 0.0003746722
0.3951048951    1 0.0003746722
0.3951120163    1 0.0003746722
0.3952991453    1 0.0003746722
0.3961038961    1 0.0003746722
0.3965714286    1 0.0003746722
0.3969118983    1 0.0003746722
0.3970588235    1 0.0003746722
0.3973509934    1 0.0003746722
0.3974791408    1 0.0003746722
0.3977572559    1 0.0003746722
0.398173516     1 0.0003746722
0.3981900452    1 0.0003746722
0.3988684583    1 0.0003746722
0.398989899     3 0.0011240165
0.3990384615    1 0.0003746722
0.3994565217    1 0.0003746722
0.4             1 0.0003746722
0.4004424779    1 0.0003746722
0.4011299435    1 0.0003746722
0.4011585807    1 0.0003746722
0.4013136289    1 0.0003746722
0.4014084507    1 0.0003746722
0.4015151515    1 0.0003746722
0.4018404908    1 0.0003746722
0.4019292605    1 0.0003746722
0.4021876315    1 0.0003746722
0.4022140221    1 0.0003746722
0.4026377036    3 0.0011240165
0.4028409091    1 0.0003746722
0.4029850746    1 0.0003746722
0.4030146767    1 0.0003746722
0.403030303     1 0.0003746722
0.4034334764    1 0.0003746722
0.4034988713    1 0.0003746722
0.4038961039    6 0.0022480330
0.4040816327    1 0.0003746722
0.4042981867    1 0.0003746722
0.4051094891    1 0.0003746722
0.4052973513    1 0.0003746722
0.4057507987    1 0.0003746722
0.4060240964    1 0.0003746722
0.4064966606    1 0.0003746722
0.406779661     1 0.0003746722
0.4069319641    1 0.0003746722
0.407518797     1 0.0003746722
0.4076086957    1 0.0003746722
0.4083333333    1 0.0003746722
0.4085697043    1 0.0003746722
0.4088176353    1 0.0003746722
0.408993576     1 0.0003746722
0.4090457256    1 0.0003746722
0.409252669     1 0.0003746722
0.4098360656    1 0.0003746722
0.4098786828    1 0.0003746722
0.4099212335    1 0.0003746722
0.4099722992    1 0.0003746722
0.410022779     1 0.0003746722
0.4100866021    1 0.0003746722
0.4101123596    1 0.0003746722
0.4102564103    1 0.0003746722
0.4106145251    1 0.0003746722
0.4111149465    1 0.0003746722
0.4113712375    1 0.0003746722
0.4114285714    1 0.0003746722
0.4114349776    1 0.0003746722
0.4120481928    1 0.0003746722
0.4123222749    1 0.0003746722
0.4124293785    1 0.0003746722
0.4136690647    1 0.0003746722
0.4141552511    1 0.0003746722
0.4142857143    1 0.0003746722
0.4144542773    1 0.0003746722
0.414507772     1 0.0003746722
0.4146341463    1 0.0003746722
0.4147843943    3 0.0011240165
0.4148339148    3 0.0011240165
0.4151260504    1 0.0003746722
0.4152892562    1 0.0003746722
0.4153005464    1 0.0003746722
0.4153031761    8 0.0029973773
0.4153605016    1 0.0003746722
0.4153846154    2 0.0007493443
0.4154668861    1 0.0003746722
0.4155844156    1 0.0003746722
0.4156378601    1 0.0003746722
0.4156976744    1 0.0003746722
0.416           1 0.0003746722
0.4161073826    1 0.0003746722
0.4163424125    1 0.0003746722
0.4171632896    1 0.0003746722
0.4175588865    1 0.0003746722
0.4177433247    1 0.0003746722
0.4177978884    1 0.0003746722
0.4178217822    1 0.0003746722
0.4178272981    1 0.0003746722
0.417888563     1 0.0003746722
0.4178935447    1 0.0003746722
0.4182692308    1 0.0003746722
0.4184615385    1 0.0003746722
0.4186046512    1 0.0003746722
0.418852459     1 0.0003746722
0.419284149     1 0.0003746722
0.4197266148    1 0.0003746722
0.4197689345    1 0.0003746722
0.4201680672    1 0.0003746722
0.4207119741    1 0.0003746722
0.4207650273    1 0.0003746722
0.4209115282    1 0.0003746722
0.4210526316    1 0.0003746722
0.4210839786    1 0.0003746722
0.4221014493    1 0.0003746722
0.4225352113    1 0.0003746722
0.4226451928    1 0.0003746722
0.4228723404    1 0.0003746722
0.4230769231    1 0.0003746722
0.4233261339    1 0.0003746722
0.4233499869    1 0.0003746722
0.4233576642    1 0.0003746722
0.423360574     1 0.0003746722
0.4236387782    1 0.0003746722
0.4242002782    1 0.0003746722
0.4245810056    1 0.0003746722
0.4246771879    1 0.0003746722
0.4247787611    1 0.0003746722
0.425           1 0.0003746722
0.4255275558    1 0.0003746722
0.4255319149    1 0.0003746722
0.4256756757    1 0.0003746722
0.4258373206    1 0.0003746722
0.4259259259    1 0.0003746722
0.4262295082    1 0.0003746722
0.4262402089    1 0.0003746722
0.4264413519    1 0.0003746722
0.4265129683    1 0.0003746722
0.4269293924    1 0.0003746722
0.4272300469    1 0.0003746722
0.4279475983    1 0.0003746722
0.4279569892    1 0.0003746722
0.4284549531    1 0.0003746722
0.4285714286    1 0.0003746722
0.4288135593    1 0.0003746722
0.4291553134    1 0.0003746722
0.4292035398    1 0.0003746722
0.4292790314    1 0.0003746722
0.4302325581    1 0.0003746722
0.4304267161    1 0.0003746722
0.430740038     1 0.0003746722
0.4307692308    1 0.0003746722
0.4309782609    1 0.0003746722
0.4312977099    1 0.0003746722
0.4317629917    1 0.0003746722
0.4317825405    1 0.0003746722
0.4318658281    1 0.0003746722
0.4318936877    1 0.0003746722
0.4324198792    1 0.0003746722
0.4329787234    1 0.0003746722
0.4338919926    1 0.0003746722
0.4340175953    1 0.0003746722
0.4341491841    1 0.0003746722
0.4342379958    1 0.0003746722
0.4344827586    2 0.0007493443
0.4348258706    1 0.0003746722
0.4348387097    1 0.0003746722
0.4351395731    1 0.0003746722
0.4352159468    1 0.0003746722
0.4358655044    1 0.0003746722
0.4358974359    1 0.0003746722
0.4359605911    3 0.0011240165
0.4362017804    1 0.0003746722
0.4363802004    1 0.0003746722
0.4366998578    1 0.0003746722
0.436795995     1 0.0003746722
0.4374100719    1 0.0003746722
0.4385964912    1 0.0003746722
0.4388689765    1 0.0003746722
0.4392697466    1 0.0003746722
0.4404267931    1 0.0003746722
0.4406779661    3 0.0011240165
0.4407076546    1 0.0003746722
0.4421487603    1 0.0003746722
0.4423791822    1 0.0003746722
0.4428571429    1 0.0003746722
0.4428904429    1 0.0003746722
0.4430379747    1 0.0003746722
0.4435049962    1 0.0003746722
0.4436893204    1 0.0003746722
0.4437086093    4 0.0014986886
0.4437535331    1 0.0003746722
0.4441176471    1 0.0003746722
0.4444444444    2 0.0007493443
0.4445807771    1 0.0003746722
0.4447004608    1 0.0003746722
0.4452926209    1 0.0003746722
0.4452980132    1 0.0003746722
0.4455445545    1 0.0003746722
0.4456521739    1 0.0003746722
0.4456928839    1 0.0003746722
0.4461538462    2 0.0007493443
0.4462734339   14 0.0052454103
0.4465408805    1 0.0003746722
0.4469964664    2 0.0007493443
0.4472972973    1 0.0003746722
0.4474024296    1 0.0003746722
0.447418738     1 0.0003746722
0.4475065617    1 0.0003746722
0.447761194     1 0.0003746722
0.4480796586    1 0.0003746722
0.4482649342    1 0.0003746722
0.4483173077    1 0.0003746722
0.4487179487    1 0.0003746722
0.4493192133    1 0.0003746722
0.4494773519    2 0.0007493443
0.4495412844    1 0.0003746722
0.4498141264    1 0.0003746722
0.4498632634    1 0.0003746722
0.45            1 0.0003746722
0.4502923977    1 0.0003746722
0.4505163511    1 0.0003746722
0.4509803922    1 0.0003746722
0.4513403263    1 0.0003746722
0.4515212982    1 0.0003746722
0.4515625       1 0.0003746722
0.4519774011    1 0.0003746722
0.4522058824    1 0.0003746722
0.4524284764    1 0.0003746722
0.4525139665    1 0.0003746722
0.4530706837    1 0.0003746722
0.4533730159    1 0.0003746722
0.4537401575    1 0.0003746722
0.4537634409    1 0.0003746722
0.4542628774    1 0.0003746722
0.4550128535    1 0.0003746722
0.4555353902    1 0.0003746722
0.455704698     1 0.0003746722
0.4558823529    1 0.0003746722
0.4561403509    1 0.0003746722
0.456937799     1 0.0003746722
0.4571865443    1 0.0003746722
0.457605985     1 0.0003746722
0.4576271186    1 0.0003746722
0.4593175853    1 0.0003746722
0.4595375723    1 0.0003746722
0.4599406528    1 0.0003746722
0.460038059     1 0.0003746722
0.4603174603    1 0.0003746722
0.4603534209    1 0.0003746722
0.4606365159    3 0.0011240165
0.4613095238    1 0.0003746722
0.4616805171    1 0.0003746722
0.4620689655    1 0.0003746722
0.4632587859    1 0.0003746722
0.4633273703    1 0.0003746722
0.4634760705    1 0.0003746722
0.4636015326    1 0.0003746722
0.4638655462    1 0.0003746722
0.4642857143    1 0.0003746722
0.4644194757    1 0.0003746722
0.464445868     1 0.0003746722
0.4647201946    1 0.0003746722
0.4649446494    1 0.0003746722
0.465           2 0.0007493443
0.465408805     1 0.0003746722
0.4655329487    1 0.0003746722
0.4657039711    1 0.0003746722
0.4657052409    2 0.0007493443
0.4657534247    4 0.0014986886
0.4660194175    1 0.0003746722
0.4662921348    1 0.0003746722
0.4664948454    1 0.0003746722
0.4666666667    2 0.0007493443
0.466893039     1 0.0003746722
0.4669491525    1 0.0003746722
0.4673149649    1 0.0003746722
0.4674556213    1 0.0003746722
0.4675592173    1 0.0003746722
0.468291582     1 0.0003746722
0.4683840749    1 0.0003746722
0.4684684685    1 0.0003746722
0.46875         1 0.0003746722
0.4689265537    1 0.0003746722
0.4690966719    1 0.0003746722
0.4692307692    1 0.0003746722
0.4695652174    1 0.0003746722
0.4696132597    1 0.0003746722
0.4696969697    1 0.0003746722
0.4699646643    1 0.0003746722
0.4700176367    1 0.0003746722
0.4705882353    1 0.0003746722
0.4716981132    1 0.0003746722
0.4718446602    1 0.0003746722
0.4726538222    1 0.0003746722
0.472972973     1 0.0003746722
0.4731903485    1 0.0003746722
0.4736129905    1 0.0003746722
0.4736688122    1 0.0003746722
0.4742109315    1 0.0003746722
0.4748878924    1 0.0003746722
0.4758842444    2 0.0007493443
0.4759568204    2 0.0007493443
0.4764044944    1 0.0003746722
0.4768683274    1 0.0003746722
0.4771084337    1 0.0003746722
0.4774859287    1 0.0003746722
0.4776297475    1 0.0003746722
0.4777070064    1 0.0003746722
0.4779582367    1 0.0003746722
0.4780361757    1 0.0003746722
0.478125        1 0.0003746722
0.478531425     1 0.0003746722
0.4787798408    1 0.0003746722
0.4790874525    1 0.0003746722
0.4794776119    1 0.0003746722
0.4797843666    1 0.0003746722
0.4802342606    1 0.0003746722
0.4804123711    1 0.0003746722
0.4805970149    1 0.0003746722
0.4808080808    1 0.0003746722
0.4813753582    1 0.0003746722
0.4816176471    1 0.0003746722
0.4817073171    1 0.0003746722
0.4817204301    1 0.0003746722
0.4818481848    1 0.0003746722
0.4821428571    2 0.0007493443
0.4821731749    2 0.0007493443
0.4821852732    1 0.0003746722
0.4826030928    1 0.0003746722
0.4826666667    1 0.0003746722
0.4827586207    4 0.0014986886
0.4830633284    2 0.0007493443
0.4830769231    1 0.0003746722
0.4833333333    1 0.0003746722
0.483378257     1 0.0003746722
0.4841849148    1 0.0003746722
0.4842105263    1 0.0003746722
0.4842892768    1 0.0003746722
0.48441247      1 0.0003746722
0.4847876005    1 0.0003746722
0.485042735     1 0.0003746722
0.4855491329    1 0.0003746722
0.4856512141    1 0.0003746722
0.4857218403    2 0.0007493443
0.4859375       1 0.0003746722
0.4864864865    1 0.0003746722
0.4866141732    1 0.0003746722
0.4867256637    3 0.0011240165
0.4871794872    1 0.0003746722
0.4873646209    1 0.0003746722
0.487804878     1 0.0003746722
0.4878661088    1 0.0003746722
0.4884210526    1 0.0003746722
0.4885799404    1 0.0003746722
0.4885993485    1 0.0003746722
0.4887218045    1 0.0003746722
0.4890282132    1 0.0003746722
0.489626556     1 0.0003746722
0.4897959184    1 0.0003746722
0.4901960784    1 0.0003746722
0.4905447996    1 0.0003746722
0.4910941476    1 0.0003746722
0.4912280702    1 0.0003746722
0.4913326111    1 0.0003746722
0.492           1 0.0003746722
0.4920634921    1 0.0003746722
0.4930232558    1 0.0003746722
0.4933333333    2 0.0007493443
0.4935254423    1 0.0003746722
0.493852459     1 0.0003746722
0.4940239044    1 0.0003746722
0.4947368421    1 0.0003746722
0.4959349593    1 0.0003746722
0.4959453692    1 0.0003746722
0.4964788732    1 0.0003746722
0.4964845863    1 0.0003746722
0.4965034965    1 0.0003746722
0.4968614196    1 0.0003746722
0.4968759298    1 0.0003746722
0.4968944099    1 0.0003746722
0.4971878515    1 0.0003746722
0.4974619289    5 0.0018733608
0.4976599064    2 0.0007493443
0.49781564      5 0.0018733608
0.4980184941    1 0.0003746722
0.4981412639    1 0.0003746722
0.4983552632    1 0.0003746722
0.4987341772    1 0.0003746722
0.4988123515    1 0.0003746722
0.4990112063    1 0.0003746722
0.4993197279    1 0.0003746722
0.4993834772    1 0.0003746722
0.5            10 0.0037467216
0.5009460738    1 0.0003746722
0.501010101     1 0.0003746722
0.5012224939    1 0.0003746722
0.5014925373    1 0.0003746722
0.501618123     1 0.0003746722
0.5017301038    1 0.0003746722
0.5027967682    1 0.0003746722
0.5028248588    1 0.0003746722
0.5031446541    1 0.0003746722
0.5038022814    1 0.0003746722
0.5038724374    1 0.0003746722
0.5050167224    1 0.0003746722
0.5052341598    2 0.0007493443
0.5053191489    1 0.0003746722
0.5058087578    1 0.0003746722
0.5060240964    1 0.0003746722
0.5061728395    1 0.0003746722
0.5064377682    1 0.0003746722
0.5064599483    1 0.0003746722
0.5065038492    1 0.0003746722
0.5065963061    1 0.0003746722
0.5068449538    1 0.0003746722
0.507037037     1 0.0003746722
0.5077559462    1 0.0003746722
0.5083643123    1 0.0003746722
0.5084194978    1 0.0003746722
0.5086294416    1 0.0003746722
0.5087719298    1 0.0003746722
0.5088757396    8 0.0029973773
0.5089969549    1 0.0003746722
0.5092592593    2 0.0007493443
0.5094936709    1 0.0003746722
0.510077936     2 0.0007493443
0.5102040816    1 0.0003746722
0.510230179     1 0.0003746722
0.5104166667    1 0.0003746722
0.5109170306    1 0.0003746722
0.5115131579    1 0.0003746722
0.5119604784    1 0.0003746722
0.5121568627    1 0.0003746722
0.512195122     1 0.0003746722
0.5122699387    1 0.0003746722
0.512465374     1 0.0003746722
0.5126582278    1 0.0003746722
0.5132169576    1 0.0003746722
0.5133913043    1 0.0003746722
0.5136071252    1 0.0003746722
0.5138121547    1 0.0003746722
0.5138461538    1 0.0003746722
0.5138888889    1 0.0003746722
0.5142469471    1 0.0003746722
0.5146379045    1 0.0003746722
0.5146666667    2 0.0007493443
0.5147453083    1 0.0003746722
0.5147928994    1 0.0003746722
0.5152877698    1 0.0003746722
0.5153846154    1 0.0003746722
0.5161127895    1 0.0003746722
0.5162337662    1 0.0003746722
0.5174353206    1 0.0003746722
0.5177165354    1 0.0003746722
0.5178571429    2 0.0007493443
0.5180722892    1 0.0003746722
0.5190677966    1 0.0003746722
0.5195729537    1 0.0003746722
0.5198863636    1 0.0003746722
0.52            1 0.0003746722
0.5200594354    1 0.0003746722
0.5204460967    1 0.0003746722
0.5210084034    1 0.0003746722
0.5212224109    1 0.0003746722
0.5212765957    1 0.0003746722
0.5214249706    2 0.0007493443
0.5222222222    1 0.0003746722
0.5226438188    4 0.0014986886
0.5231607629    1 0.0003746722
0.5238095238    1 0.0003746722
0.5242966752    1 0.0003746722
0.5243902439    1 0.0003746722
0.5244299674    1 0.0003746722
0.5246252677    1 0.0003746722
0.5246636771    1 0.0003746722
0.5247093023    1 0.0003746722
0.5252173913    1 0.0003746722
0.5263157895    1 0.0003746722
0.5266272189    1 0.0003746722
0.5266781411    1 0.0003746722
0.5268065268    1 0.0003746722
0.527643065     1 0.0003746722
0.5279605263    1 0.0003746722
0.5285285285    1 0.0003746722
0.5288720993    1 0.0003746722
0.5290275762    1 0.0003746722
0.5291262136    1 0.0003746722
0.5294117647    1 0.0003746722
0.5303786322    3 0.0011240165
0.5304136253    1 0.0003746722
0.5308083663    1 0.0003746722
0.5313283208    1 0.0003746722
0.5313669381    1 0.0003746722
0.53145917      1 0.0003746722
0.5315315315    1 0.0003746722
0.5327868852    1 0.0003746722
0.5331444759    1 0.0003746722
0.5333333333    1 0.0003746722
0.5347003155    1 0.0003746722
0.5348258706    1 0.0003746722
0.5348837209    1 0.0003746722
0.5351351351    1 0.0003746722
0.5353477765    1 0.0003746722
0.5354477612    1 0.0003746722
0.5354609929    1 0.0003746722
0.5355113636    1 0.0003746722
0.5362318841    1 0.0003746722
0.5367192862    2 0.0007493443
0.5372670807    1 0.0003746722
0.5374015748    1 0.0003746722
0.5375          1 0.0003746722
0.5377643505    1 0.0003746722
0.53784219      1 0.0003746722
0.5388888889    1 0.0003746722
0.5394736842    1 0.0003746722
0.5394862036    1 0.0003746722
0.5395683453    1 0.0003746722
0.5398633257    1 0.0003746722
0.5403050109    1 0.0003746722
0.5407066052    1 0.0003746722
0.5407512403    2 0.0007493443
0.5411323494    1 0.0003746722
0.5423728814    1 0.0003746722
0.5426812952    1 0.0003746722
0.5437430786    1 0.0003746722
0.544           1 0.0003746722
0.5445092569    1 0.0003746722
0.5448275862    1 0.0003746722
0.5449233017    1 0.0003746722
0.5454545455    1 0.0003746722
0.5459098497    1 0.0003746722
0.5460921844    1 0.0003746722
0.5462794918    1 0.0003746722
0.5465587045    1 0.0003746722
0.5465726171    1 0.0003746722
0.5467625899    1 0.0003746722
0.546961326     1 0.0003746722
0.5476973684    1 0.0003746722
0.5477031802    1 0.0003746722
0.5477876106    1 0.0003746722
0.5494505495    1 0.0003746722
0.5497512438    1 0.0003746722
0.55            1 0.0003746722
0.5503875969    1 0.0003746722
0.5504807692    1 0.0003746722
0.5505087209    1 0.0003746722
0.5515543244    1 0.0003746722
0.5516569201    1 0.0003746722
0.5517241379    1 0.0003746722
0.5518867925    1 0.0003746722
0.5525841346    1 0.0003746722
0.5535055351    1 0.0003746722
0.5537634409    1 0.0003746722
0.5542857143    1 0.0003746722
0.5542958186    5 0.0018733608
0.5545079552    1 0.0003746722
0.5546875       1 0.0003746722
0.5552825553    1 0.0003746722
0.5555555556    2 0.0007493443
0.5560807907    4 0.0014986886
0.5562913907    1 0.0003746722
0.5569620253    1 0.0003746722
0.557195572     1 0.0003746722
0.5583333333    1 0.0003746722
0.5588822355    1 0.0003746722
0.5593803787    1 0.0003746722
0.5604395604    1 0.0003746722
0.5608108108    1 0.0003746722
0.5609756098    1 0.0003746722
0.5609896433    1 0.0003746722
0.5617391304    1 0.0003746722
0.5621890547    1 0.0003746722
0.5626598465    1 0.0003746722
0.5627009646    1 0.0003746722
0.5631067961    1 0.0003746722
0.5637277296    1 0.0003746722
0.563755431    23 0.0086174597
0.5654205607    1 0.0003746722
0.5655737705    1 0.0003746722
0.5658682635    3 0.0011240165
0.5662650602    1 0.0003746722
0.56640625      1 0.0003746722
0.5664739884    1 0.0003746722
0.5671641791    1 0.0003746722
0.5674418605    1 0.0003746722
0.5675675676    1 0.0003746722
0.5676950998    1 0.0003746722
0.5679012346    1 0.0003746722
0.5683890578    1 0.0003746722
0.5684931507    1 0.0003746722
0.5689655172    1 0.0003746722
0.5696296296    1 0.0003746722
0.5708333333    1 0.0003746722
0.5711340206    1 0.0003746722
0.5714285714    1 0.0003746722
0.5722070845    1 0.0003746722
0.5722460658    1 0.0003746722
0.5730593607    1 0.0003746722
0.5732484076    1 0.0003746722
0.5732529266    1 0.0003746722
0.5734265734    1 0.0003746722
0.5751138088    1 0.0003746722
0.5753176044    1 0.0003746722
0.5754716981    1 0.0003746722
0.5755208333    1 0.0003746722
0.5760456274    1 0.0003746722
0.576119403     1 0.0003746722
0.5766738661    1 0.0003746722
0.5767498977    1 0.0003746722
0.5769230769    1 0.0003746722
0.5771632471    1 0.0003746722
0.5782622844    1 0.0003746722
0.5786516854    1 0.0003746722
0.578680203     1 0.0003746722
0.5805084746    1 0.0003746722
0.5805412371    1 0.0003746722
0.5811014144    1 0.0003746722
0.581239531     2 0.0007493443
0.5812664138    1 0.0003746722
0.581769437     1 0.0003746722
0.582278481     1 0.0003746722
0.5823429542    1 0.0003746722
0.5825825826    1 0.0003746722
0.5829332169    1 0.0003746722
0.5829636202    1 0.0003746722
0.5836148649    1 0.0003746722
0.5836734694    1 0.0003746722
0.5840611354    1 0.0003746722
0.5842696629    1 0.0003746722
0.5843520782    1 0.0003746722
0.5844193879    1 0.0003746722
0.5848708487    1 0.0003746722
0.5849652558    1 0.0003746722
0.5850340136    1 0.0003746722
0.5852272727    1 0.0003746722
0.5853658537    1 0.0003746722
0.5854941751    1 0.0003746722
0.585978836     1 0.0003746722
0.5861627162    1 0.0003746722
0.5862068966    1 0.0003746722
0.5870967742    1 0.0003746722
0.5872235872    1 0.0003746722
0.5873015873    2 0.0007493443
0.5882174309    1 0.0003746722
0.5882352941    1 0.0003746722
0.588976378     1 0.0003746722
0.5896414343    1 0.0003746722
0.5904977376    1 0.0003746722
0.5905511811    1 0.0003746722
0.5917266187    1 0.0003746722
0.5923076923    1 0.0003746722
0.5925925926    1 0.0003746722
0.5927654609    1 0.0003746722
0.5928030303    1 0.0003746722
0.592898431     2 0.0007493443
0.593220339     2 0.0007493443
0.5938566553    1 0.0003746722
0.5941530525    2 0.0007493443
0.5942028986    1 0.0003746722
0.5946878234    1 0.0003746722
0.5950321987    1 0.0003746722
0.5950413223    1 0.0003746722
0.5950617284    1 0.0003746722
0.5959031657    1 0.0003746722
0.5959059894    1 0.0003746722
0.5960340872    2 0.0007493443
0.5961538462    1 0.0003746722
0.596681341     1 0.0003746722
0.5968712395    1 0.0003746722
0.5969581749    1 0.0003746722
0.5970149254    1 0.0003746722
0.5971428571    1 0.0003746722
0.5971563981    1 0.0003746722
0.5977653631    1 0.0003746722
0.5978723404    1 0.0003746722
0.5979899497    1 0.0003746722
0.5990180033    2 0.0007493443
0.5995525727    1 0.0003746722
0.6             4 0.0014986886
0.6000483325    1 0.0003746722
0.6002656042    1 0.0003746722
0.6010928962    1 0.0003746722
0.6013793103    1 0.0003746722
0.6016260163    1 0.0003746722
0.6021505376    1 0.0003746722
0.6022797289    1 0.0003746722
0.6027633851    1 0.0003746722
0.6027944112    1 0.0003746722
0.6029411765    1 0.0003746722
0.6030405405    1 0.0003746722
0.6048951049    2 0.0007493443
0.6054216867    1 0.0003746722
0.6058020478    1 0.0003746722
0.6061946903    1 0.0003746722
0.6062992126    1 0.0003746722
0.6063829787    1 0.0003746722
0.6067961165    1 0.0003746722
0.6068965517    1 0.0003746722
0.6070381232    1 0.0003746722
0.6071428571    1 0.0003746722
0.6080263881    1 0.0003746722
0.6080691643    1 0.0003746722
0.6085106383    1 0.0003746722
0.6097560976    1 0.0003746722
0.6100244499    1 0.0003746722
0.6102088167    1 0.0003746722
0.6102117061    1 0.0003746722
0.6112689394    1 0.0003746722
0.6113989637    1 0.0003746722
0.6117216117    1 0.0003746722
0.6127320955    1 0.0003746722
0.6130411545    4 0.0014986886
0.6132511556    1 0.0003746722
0.6139240506    1 0.0003746722
0.6143308746    1 0.0003746722
0.6144578313    1 0.0003746722
0.6144662921    1 0.0003746722
0.6147186147    1 0.0003746722
0.6149506347    1 0.0003746722
0.6166666667    1 0.0003746722
0.6182572614    2 0.0007493443
0.6183574879    1 0.0003746722
0.618556701     1 0.0003746722
0.6187683284    1 0.0003746722
0.6189889026    1 0.0003746722
0.6192438197    1 0.0003746722
0.6194690265    1 0.0003746722
0.6198630137    1 0.0003746722
0.62            2 0.0007493443
0.6201117318    1 0.0003746722
0.621           1 0.0003746722
0.6214511041    1 0.0003746722
0.6233766234    1 0.0003746722
0.6234375       1 0.0003746722
0.6235294118    1 0.0003746722
0.6237172178    1 0.0003746722
0.6241752441    1 0.0003746722
0.6243386243    1 0.0003746722
0.624671916     1 0.0003746722
0.6247174077    2 0.0007493443
0.6256157635    1 0.0003746722
0.6259492298    1 0.0003746722
0.626011201     1 0.0003746722
0.6267880364    1 0.0003746722
0.6268980477    1 0.0003746722
0.6274509804    1 0.0003746722
0.6282722513    1 0.0003746722
0.6284680338    1 0.0003746722
0.6285714286    1 0.0003746722
0.629324547     1 0.0003746722
0.6296296296    1 0.0003746722
0.6300114548    1 0.0003746722
0.6301600674    1 0.0003746722
0.6303360581    1 0.0003746722
0.6306861989    1 0.0003746722
0.6308016878    1 0.0003746722
0.631372549     2 0.0007493443
0.6315789474    1 0.0003746722
0.6340110906    1 0.0003746722
0.6348684211    1 0.0003746722
0.6348837209    2 0.0007493443
0.63507109      1 0.0003746722
0.635359116     1 0.0003746722
0.6363636364    1 0.0003746722
0.6364392679    1 0.0003746722
0.6368515206    1 0.0003746722
0.6369426752    1 0.0003746722
0.6375          1 0.0003746722
0.638422206     1 0.0003746722
0.6385542169    1 0.0003746722
0.638916378     3 0.0011240165
0.6393588602    1 0.0003746722
0.6402877698    1 0.0003746722
0.641509434     1 0.0003746722
0.6417112299    1 0.0003746722
0.6426966292    1 0.0003746722
0.6429235633    1 0.0003746722
0.6430107527    1 0.0003746722
0.6431695395    1 0.0003746722
0.6435495899    1 0.0003746722
0.6465116279    1 0.0003746722
0.6470588235    1 0.0003746722
0.6479902558    1 0.0003746722
0.6481481481    1 0.0003746722
0.6483979764    1 0.0003746722
0.6493506494    1 0.0003746722
0.6496865204    1 0.0003746722
0.6508916324    1 0.0003746722
0.6516650181    1 0.0003746722
0.6518218623    1 0.0003746722
0.6527472527    1 0.0003746722
0.6529411765    1 0.0003746722
0.6532258065    1 0.0003746722
0.6538461538    1 0.0003746722
0.6540948276    1 0.0003746722
0.6547291093    1 0.0003746722
0.6552748886    1 0.0003746722
0.6555269923    1 0.0003746722
0.6558704453    1 0.0003746722
0.6570605187    1 0.0003746722
0.6577629382    3 0.0011240165
0.6581325301    1 0.0003746722
0.6583793738    1 0.0003746722
0.6587301587    1 0.0003746722
0.6596491228    1 0.0003746722
0.6598915989    1 0.0003746722
0.6613816535    1 0.0003746722
0.6619217082    1 0.0003746722
0.6639593909    1 0.0003746722
0.6652173913    1 0.0003746722
0.6654135338    1 0.0003746722
0.6661654135    1 0.0003746722
0.6668210234    1 0.0003746722
0.6674528302    1 0.0003746722
0.6685714286    1 0.0003746722
0.6698024459    2 0.0007493443
0.6701298701    1 0.0003746722
0.6705516706    4 0.0014986886
0.6713286713    1 0.0003746722
0.6720257235    1 0.0003746722
0.6736334405    1 0.0003746722
0.674796748     1 0.0003746722
0.6755555556    1 0.0003746722
0.6759558199    3 0.0011240165
0.6759776536    1 0.0003746722
0.6765799257    1 0.0003746722
0.6773367478    1 0.0003746722
0.6791354946    2 0.0007493443
0.6810506567    1 0.0003746722
0.6833773087    1 0.0003746722
0.6838709677    1 0.0003746722
0.685840708     1 0.0003746722
0.688057041     2 0.0007493443
0.6880733945    1 0.0003746722
0.6884272997    1 0.0003746722
0.6895306859    1 0.0003746722
0.6899328859    1 0.0003746722
0.690936107     1 0.0003746722
0.6914285714    1 0.0003746722
0.6923076923    1 0.0003746722
0.693877551     1 0.0003746722
0.69464145      1 0.0003746722
0.6953642384    1 0.0003746722
0.6958725561    1 0.0003746722
0.6968421053    1 0.0003746722
0.6977428852    1 0.0003746722
0.6993464052    1 0.0003746722
0.6994727592    1 0.0003746722
0.7018181818    1 0.0003746722
0.7026476578    1 0.0003746722
0.7026604069    1 0.0003746722
0.7038626609    1 0.0003746722
0.7060240964    1 0.0003746722
0.7064777328    1 0.0003746722
0.7072905332    3 0.0011240165
0.7077747989    1 0.0003746722
0.7080504365    1 0.0003746722
0.7096774194    1 0.0003746722
0.7097844113    1 0.0003746722
0.7105263158    1 0.0003746722
0.7112299465    1 0.0003746722
0.7115384615    1 0.0003746722
0.7124201973    1 0.0003746722
0.7128205128    1 0.0003746722
0.7133333333    1 0.0003746722
0.714028777     1 0.0003746722
0.7142342342    2 0.0007493443
0.7142857143    3 0.0011240165
0.7145488029    1 0.0003746722
0.7152034261    1 0.0003746722
0.7153652393    1 0.0003746722
0.7155963303    1 0.0003746722
0.7161803714    1 0.0003746722
0.7169811321    1 0.0003746722
0.7172131148    1 0.0003746722
0.7180094787    1 0.0003746722
0.7181818182    1 0.0003746722
0.7182130584    1 0.0003746722
0.7184466019    1 0.0003746722
0.7185628743    1 0.0003746722
0.71875         1 0.0003746722
0.7189448441    1 0.0003746722
0.7197452229    1 0.0003746722
0.7200577201    1 0.0003746722
0.7203791469    1 0.0003746722
0.7207943925    1 0.0003746722
0.7220496894    1 0.0003746722
0.7220556745    1 0.0003746722
0.7222108495    1 0.0003746722
0.7222449816    1 0.0003746722
0.7231270358    1 0.0003746722
0.7258064516    1 0.0003746722
0.7272727273    1 0.0003746722
0.727393617     1 0.0003746722
0.7289719626    1 0.0003746722
0.7290076336    1 0.0003746722
0.72909699      1 0.0003746722
0.7321100917    1 0.0003746722
0.7323037323    1 0.0003746722
0.7324159021    2 0.0007493443
0.7324324324    1 0.0003746722
0.7338129496    1 0.0003746722
0.734375        1 0.0003746722
0.7356828194    1 0.0003746722
0.7365439093    1 0.0003746722
0.7369942197    1 0.0003746722
0.7370517928    1 0.0003746722
0.7372928177    1 0.0003746722
0.7377810816    1 0.0003746722
0.7402234637    1 0.0003746722
0.7403846154    1 0.0003746722
0.7406483791    1 0.0003746722
0.7410526316    1 0.0003746722
0.7418032787    1 0.0003746722
0.7421035493    1 0.0003746722
0.7421052632    1 0.0003746722
0.7430463576    1 0.0003746722
0.7435897436    1 0.0003746722
0.7441696113    1 0.0003746722
0.7446014396    1 0.0003746722
0.7446197991    1 0.0003746722
0.7455752212    1 0.0003746722
0.7456647399    1 0.0003746722
0.7475728155    1 0.0003746722
0.7488151659    2 0.0007493443
0.7494145199    1 0.0003746722
0.7494172494    1 0.0003746722
0.75            2 0.0007493443
0.7505518764    1 0.0003746722
0.7507082153    1 0.0003746722
0.7507163324    1 0.0003746722
0.7509259259    1 0.0003746722
0.7519582245    1 0.0003746722
0.7522123894    1 0.0003746722
0.752293578     1 0.0003746722
0.7523364486    1 0.0003746722
0.7525773196    1 0.0003746722
0.7553648069    1 0.0003746722
0.756097561     1 0.0003746722
0.756302521     1 0.0003746722
0.7564935065    1 0.0003746722
0.7571801567    1 0.0003746722
0.7591071805    1 0.0003746722
0.7601668405    1 0.0003746722
0.7623089983    1 0.0003746722
0.7625899281    2 0.0007493443
0.7626811594    1 0.0003746722
0.7627494457    1 0.0003746722
0.7635379061    1 0.0003746722
0.7650793651    1 0.0003746722
0.765625        1 0.0003746722
0.7657142857    1 0.0003746722
0.7658730159    1 0.0003746722
0.7674418605    1 0.0003746722
0.768273717     1 0.0003746722
0.7690504103    1 0.0003746722
0.7695852535    1 0.0003746722
0.7704918033    1 0.0003746722
0.7750929368    1 0.0003746722
0.7752808989    1 0.0003746722
0.7755775578    1 0.0003746722
0.7788697789    1 0.0003746722
0.7796278159    2 0.0007493443
0.7799263352    1 0.0003746722
0.7804532578    1 0.0003746722
0.7820512821    1 0.0003746722
0.7853403141    1 0.0003746722
0.7869249395    1 0.0003746722
0.7895981087    1 0.0003746722
0.7896678967    1 0.0003746722
0.7908163265    1 0.0003746722
0.7916666667    1 0.0003746722
0.7933673469    1 0.0003746722
0.797979798     1 0.0003746722
0.8006430868    1 0.0003746722
0.8039215686    1 0.0003746722
0.8059299191    1 0.0003746722
0.8070175439    1 0.0003746722
0.807486631     1 0.0003746722
0.8081123245    1 0.0003746722
0.8107142857    1 0.0003746722
0.8108448928    1 0.0003746722
0.8130081301    1 0.0003746722
0.8130841121    1 0.0003746722
0.8175895765    1 0.0003746722
0.8178571429    1 0.0003746722
0.8210784314    1 0.0003746722
0.8217821782    1 0.0003746722
0.8228346457    1 0.0003746722
0.8228571429    1 0.0003746722
0.825           1 0.0003746722
0.8260869565    1 0.0003746722
0.8270377734    1 0.0003746722
0.8280871671    1 0.0003746722
0.8282828283    1 0.0003746722
0.8292682927    1 0.0003746722
0.8333333333    2 0.0007493443
0.835016835     1 0.0003746722
0.8352941176    1 0.0003746722
0.8357664234    1 0.0003746722
0.8383233533    1 0.0003746722
0.8407960199    2 0.0007493443
0.8409090909    1 0.0003746722
0.8412698413    1 0.0003746722
0.8415559772    1 0.0003746722
0.8422939068    1 0.0003746722
0.8448275862    1 0.0003746722
0.8450292398    1 0.0003746722
0.845045045     1 0.0003746722
0.8453800298    1 0.0003746722
0.848408287     1 0.0003746722
0.8487654321    1 0.0003746722
0.8492063492    1 0.0003746722
0.8505154639    1 0.0003746722
0.8514851485    1 0.0003746722
0.8519437552    1 0.0003746722
0.8520408163    1 0.0003746722
0.8532338308    1 0.0003746722
0.8536585366    1 0.0003746722
0.8539823009    1 0.0003746722
0.8558558559    1 0.0003746722
0.8571428571    1 0.0003746722
0.8584337349    1 0.0003746722
0.859375        1 0.0003746722
0.8608695652    1 0.0003746722
0.8617886179    1 0.0003746722
0.8639455782    1 0.0003746722
0.8650793651    1 0.0003746722
0.867219917     1 0.0003746722
0.8674698795    1 0.0003746722
0.8678678679    1 0.0003746722
0.8687782805    1 0.0003746722
0.8706896552    1 0.0003746722
0.8711864407    1 0.0003746722
0.8716216216    1 0.0003746722
0.8717948718    1 0.0003746722
0.8741258741    1 0.0003746722
0.8763326226    1 0.0003746722
0.8789473684    1 0.0003746722
0.880069025     1 0.0003746722
0.8804347826    1 0.0003746722
0.8818565401    1 0.0003746722
0.8823529412    1 0.0003746722
0.8870084619    2 0.0007493443
0.8885941645    1 0.0003746722
0.8897058824    1 0.0003746722
0.8899371069    1 0.0003746722
0.8908045977    1 0.0003746722
0.8909090909    1 0.0003746722
0.8918367347    1 0.0003746722
0.8918918919    1 0.0003746722
0.8937198068    1 0.0003746722
0.89375         6 0.0022480330
0.8968481375    1 0.0003746722
0.8981868898    1 0.0003746722
0.9022556391    1 0.0003746722
0.903930131     1 0.0003746722
0.9051948052    1 0.0003746722
0.9111111111    1 0.0003746722
0.9140233723    1 0.0003746722
0.9172413793    1 0.0003746722
0.9266055046    1 0.0003746722
0.9274475524    1 0.0003746722
0.9394736842    1 0.0003746722
0.9552845528    1 0.0003746722
