2011-2012 Summary statistic for SAT 
   NULL     580     560     610     540     570     530     590     550 
   1946      88      86      82      80      73      66      58      57 
    600     520     650     620     510     500     630     640     470 
     52      48      46      42      36      33      32      29      26 
    670     680     660     690     490     710     740     700     720 
     26      26      18      18      17      16      15      12      12 
    780     450     760     480     770     440     460     525     730 
     11       9       9       7       7       6       5       5       5 
    800     420     588     750     430     543     558     578     605 
      5       4       4       4       3       3       3       3       3 
    635     790     400     493     533     535     545     548     555 
      3       3       2       2       2       2       2       2       2 
    575     598     615     625     633     651     468     472     475 
      2       2       2       2       2       2       1       1       1 
    485     494     499     505     521     523     536     537     538 
      1       1       1       1       1       1       1       1       1 
    544     563     565     567     568     577     583     596     604 
      1       1       1       1       1       1       1       1       1 
    606     607     608     609     611     612     618     628     642 
      1       1       1       1       1       1       1       1       1 
    645     649     655     665     679     681     685     688     692 
      1       1       1       1       1       1       1       1       1 
(Other) 
      2 
2011-2012 Range for SAT 
2011-2012 Mean for SAT 
[1] NA
2011-2012 Standard deviation for SAT 
[1] 29.94569
2011-2012 IQR statistic for SAT 
[1] 48
Summary statistics for ACT 
  16   17   18   19   20   21   22   23   24   25   26   27   28   29 
   4    7   19   22   28   33   61  128  179  192  144   94   57   32 
  30   31   32   33   34   35   36 NULL 
  22   20   13   21   13   12    2 2106 
2011-2012 Range for ACT 
2011-2012 Mean for ACT 
[1] NA
2011-2012 Standard deviation for ACT 
[1] 5.971869
2011-2012 IQR statistic for ACT 
[1] 11
Summary statistic for ADM_RATE 
   NULL       1     0.5    0.75  0.8889  0.6563     0.7  0.7143  0.8151 
   1274      73       5       5       5       4       4       4       4 
 0.5385   0.575  0.5794     0.6  0.6199  0.6281  0.6402   0.641  0.6647 
      3       3       3       3       3       3       3       3       3 
 0.6953  0.6974  0.7006   0.709  0.7358  0.7545  0.7684  0.7895    0.79 
      3       3       3       3       3       3       3       3       3 
 0.7969     0.8   0.875  0.9231  0.9333  0.3456  0.3833  0.3985  0.3986 
      3       3       3       3       3       2       2       2       2 
 0.4081  0.4095  0.4184  0.4265  0.4318  0.4322  0.4353  0.4444  0.4447 
      2       2       2       2       2       2       2       2       2 
 0.4455  0.4465  0.4467   0.448  0.4544  0.4547  0.4555  0.4664  0.4666 
      2       2       2       2       2       2       2       2       2 
 0.4714   0.479  0.4831  0.4881  0.4926   0.495  0.5063   0.509  0.5125 
      2       2       2       2       2       2       2       2       2 
 0.5126  0.5175  0.5204  0.5217   0.523   0.524  0.5357  0.5421  0.5479 
      2       2       2       2       2       2       2       2       2 
 0.5496  0.5556  0.5583  0.5591  0.5653  0.5657   0.566  0.5705  0.5714 
      2       2       2       2       2       2       2       2       2 
 0.5759  0.5769  0.5793  0.5797  0.5802   0.585  0.5868  0.5912  0.6054 
      2       2       2       2       2       2       2       2       2 
 0.6081  0.6086  0.6099  0.6103  0.6121   0.614  0.6147   0.619  0.6244 
      2       2       2       2       2       2       2       2       2 
(Other) 
   1628 
2011-2012 Range for ADM_RATE 
2011-2012 Mean for ADM_RATE 
[1] NA
2011-2012 Standard deviation for ADM_RATE 
[1] 516.8402
2011-2012 IQR statistic for ADM_RATE 
[1] 880
