2012-2013 Summary statistic for SAT 
 325  370  405  410  420  430  435  440  445  450  460  463  470  475 
   1    1    1    3    1    2    1    4    1    7    9    1   18    2 
 478  480  485  490  495  500  502  505  508  510  513  515  520  525 
   1   12    2   26    1   28    1    2    1   34    2    1   54    2 
 528  530  531  533  535  536  537  538  540  548  550  553  555  558 
   2   53    1    1    2    1    1    2   74    1   71    1    4    2 
 560  562  563  565  568  570  573  574  575  577  578  580  583  585 
  91    1    2    5    2   67    3    1    4    1    4   61    3    6 
 586  588  590  595  600  605  608  609  610  613  615  618  620  625 
   1    1   67    2   75    4    1    1   58    1    3    3   63    1 
 627  630  635  640  643  647  648  650  655  658  660  670  678  680 
   2   36    2   37    1    1    2   28    2    1   31   22    1   23 
 690  700  708  710  720  730  740  750  760  770  780  790  800 NULL 
  22   18    1   13   14    3   15    4   13    6    7    9    5 1998 
2012-2013 Range for SAT 
2012-2013 Mean for SAT 
[1] NA
2012-2013 Standard deviation for SAT 
[1] 26.12256
2012-2013 IQR statistic for SAT 
[1] 37
Summary statistics for ACT 
  14   16   17   18   19   20   21   22   23   24   25   26   27   28 
   2    5    7   16   26   24   24   63  117  185  198  148   95   62 
  29   30   31   32   33   34   35   36 NULL 
  38   21   24   16   17   15    9    4 2168 
2012-2013 Range for ACT 
2012-2013 Mean for ACT 
[1] NA
2012-2013 Standard deviation for ACT 
[1] 5.917979
2012-2013 IQR statistic for ACT 
[1] 10
Summary statistic for ADM_RATE 
   NULL       1     0.5  0.8571  0.5134  0.6968  0.8333     0.9  0.4599 
   1342      72       5       5       4       4       4       4       3 
   0.47  0.5314  0.5396  0.5556  0.6104  0.6315  0.6637  0.7361    0.76 
      3       3       3       3       3       3       3       3       3 
 0.7766  0.7913  0.8222  0.8234  0.8889  0.9444  0.0773  0.2966  0.3038 
      3       3       3       3       3       3       2       2       2 
 0.3374   0.374  0.3785  0.4049  0.4071  0.4154  0.4265  0.4325  0.4354 
      2       2       2       2       2       2       2       2       2 
 0.4444  0.4458  0.4471  0.4524  0.4562  0.4614  0.4656  0.4675  0.4743 
      2       2       2       2       2       2       2       2       2 
   0.48  0.4842  0.4863  0.4908  0.4915  0.4951  0.5021  0.5087  0.5104 
      2       2       2       2       2       2       2       2       2 
 0.5201  0.5331  0.5364  0.5433  0.5434  0.5444  0.5491  0.5528  0.5577 
      2       2       2       2       2       2       2       2       2 
 0.5594  0.5595  0.5646  0.5776  0.5819  0.5828  0.5877  0.5885  0.5909 
      2       2       2       2       2       2       2       2       2 
    0.6  0.6035  0.6054  0.6066  0.6089  0.6126  0.6139  0.6148  0.6153 
      2       2       2       2       2       2       2       2       2 
 0.6167  0.6178  0.6197  0.6215  0.6233   0.625  0.6282  0.6289  0.6324 
      2       2       2       2       2       2       2       2       2 
 0.6334  0.6355  0.6387   0.639  0.6413  0.6418  0.6431  0.6434  0.6458 
      2       2       2       2       2       2       2       2       2 
(Other) 
   1646 
2012-2013 Range for ADM_RATE 
2012-2013 Mean for ADM_RATE 
[1] NA
2012-2013 Standard deviation for ADM_RATE 
[1] 526.4369
2012-2013 IQR statistic for ADM_RATE 
[1] 889.25
